18 754 18
1832 1232
2442 8938
590 6049
9543 9052
2426 7041
2088 685
5050 5974
653 5862
3441 4088
1684 5794
9173 6658
2532 3878
2662 2900
6755 406
2938 5442
6745 4065
4371 2608
1771 6267
634 7711
3644 3269
7541 5728
5000 3728
3652 387
3164 6528
5378 4564
1137 4573
5753 8346
6548 8785
5425 452
1889 4279
2925 9512
4349 626
1776 9774
7119 5663
5139 7149
9932 8379
1894 6311
9446 3114
4173 727
7144 27
8518 8821
3228 5967
7066 1146
5409 5143
2041 4920
8308 5067
6691 5344
6592 4844
9083 2085
3143 6888
6211 2851
9324 4930
6653 8977
4700 3443
7043 9502
9939 5279
7618 7238
7244 3501
8375 7752
2780 1389
4649 8445
5491 1530
3848 5085
2414 400
757 4011
7784 1193
7461 6790
6291 8099
6547 3997
2417 90
1746 6965
3585 2881
8486 7611
822 9132
4082 1988
7478 2184
7612 8702
9157 9755
5198 7251
8270 6991
8976 7305
2607 7777
7373 4246
4050 4543
8540 7939
3919 4499
7206 1269
4681 3841
4451 5502
5238 8849
1320 2267
2471 3788
6275 2503
3505 1052
6797 6678
5421 8890
7633 6812
1020 3388
6883 6381
9569 320
9432 6232
7814 96
5763 4892
6389 6865
8818 8947
9883 3613
7999 3595
4471 7140
7956 475
6371 5507
6624 2704
7657 2091
8751 441
6455 9697
9246 444
1375 7022
2223 7564
2977 823
4262 6211
5363 3467
7449 5355
5529 6211
4558 6906
4133 1341
7705 317
8837 853
5733 3673
1124 659
508 4051
3266 333
2068 7758
1874 9240
3571 7619
4198 6043
2749 9926
9949 1876
2683 5096
1771 9481
420 5111
6498 3249
1245 9700
3978 1669
4941 9837
1983 9272
672 5688
8728 7018
6071 1129
8289 5590
207 6882
8031 1729
7102 5934
7532 2506
7135 2885
8548 4425
8817 7921
7616 7136
9707 4397
5280 4022
1419 4569
7385 3995
7613 9336
9999 6209
8098 5325
2979 7988
3475 5813
4232 5576
4581 9767
4526 9106
166 8464
3130 1402
3954 6658
8004 9096
3937 7800
8041 7342
282 1524
4820 3630
5016 9528
6046 7753
9068 8698
5632 6971
9017 5419
5764 7434
4438 5023
4118 3777
1976 3155
5169 1958
8779 3033
3138 3545
7933 4530
9659 8595
9777 4636
1647 3180
4853 3727
5912 2939
4952 231
8751 2073
4494 745
4786 2068
200 9405
4658 7690
7843 7216
5582 3020
841 4136
7827 1869
1070 6565
8056 1213
9453 878
2485 2444
9221 4978
1395 4066
1940 9143
6818 9933
9766 3697
8561 6232
7381 7253
4871 9642
7025 5003
9316 986
9988 1625
3404 3457
4335 1330
2847 9043
1229 2564
43 6693
7381 9729
7699 4771
534 3792
4720 4632
7438 1166
3824 4334
9663 3241
6965 1880
8922 3683
2441 4352
2330 1169
977 2718
5039 9749
9325 4728
7195 2037
7679 4982
6594 4460
8199 8847
8090 7172
1317 9798
653 7078
5280 9891
4102 423
1496 3750
9424 9619
339 4415
9441 659
2870 7708
8502 7245
4557 2973
9590 7141
8056 1494
7700 5700
6690 5460
5260 1713
2634 5403
6744 8117
4722 6561
9012 601
7451 1442
5153 4135
5296 1899
6622 8431
18 8889
888 3073
8494 5927
8167 7242
845 3335
4375 8998
2146 4719
7178 7941
1989 472
9975 3920
9024 224
9048 6684
1858 7560
1924 2522
8165 4781
8337 4479
6807 7905
7736 3993
7483 9031
2369 6284
3122 9820
8327 2236
6798 5568
8318 4377
42 4634
9501 8022
2434 7316
5654 5446
9042 8903
6180 7460
5272 3090
3912 9368
6274 3826
6730 715
5213 7749
6246 6325
2492 8115
606 2068
8229 9669
5439 1644
7213 1633
8617 7486
251 2361
6717 2529
1225 7692
4342 5546
6512 1315
5383 8742
6226 5188
7994 8864
588 1121
3846 4708
3727 1480
7110 1612
1646 7269
2725 4906
474 753
5314 919
4806 5873
6141 7056
2385 4000
8702 6751
9272 2950
2785 2868
1293 9985
6267 3945
8153 9554
2344 3804
7555 4161
153 7622
4712 8955
2588 1210
7237 5661
9626 4901
6951 4097
7484 4949
3263 6302
7916 1747
3886 6248
9370 5881
9417 4847
4837 359
6484 4497
132 9272
803 9935
3770 9946
3115 4106
2240 1591
645 5061
7222 546
9495 5977
2153 1476
4835 5352
6807 2877
3289 2165
8837 5994
8697 8221
4465 2695
4210 7894
4835 5549
1886 7673
3696 6511
9131 5992
1479 6464
228 4332
7451 6038
4295 9577
6242 6086
1775 3830
9198 5374
9995 3626
1035 7606
4951 6689
1911 2290
742 609
4986 8071
1902 1592
3846 8807
2222 6367
8850 6866
9622 2531
6797 1622
8017 6686
4583 536
6070 3559
7264 7285
3868 5942
1627 6018
8920 5876
4520 3109
2001 7450
1501 3475
9783 349
828 5464
3990 2063
9250 3362
1124 9080
3394 9607
3538 3817
5383 2417
9764 46
4542 2370
2129 8850
4106 2858
1801 422
2159 243
5869 3898
9647 5304
258 2854
4347 858
2076 6897
8619 1862
1041 7802
7344 5931
8408 9726
1786 7405
8254 3629
710 8543
4941 7504
510 996
7847 6580
6984 1768
1204 1323
2430 1076
2067 4505
5327 6240
9787 8692
4831 7433
8282 9919
1874 9033
3522 7046
7398 3743
7430 6532
5120 6992
6132 2500
1494 1398
1527 7075
2131 9115
982 9608
9201 9202
5400 2002
6730 5793
6929 842
4712 9837
5119 5761
8313 3485
2535 7900
3674 1773
5736 9113
6022 1882
4564 9406
3705 7030
430 9977
4381 474
2955 4477
5062 5567
5751 100
2972 2347
9278 6566
1140 2324
502 1503
8691 3524
6163 6878
7432 5585
2578 6062
5105 5314
9299 9768
1391 861
2549 2579
815 1336
4458 7259
6947 7957
9946 7242
6785 4475
3531 8394
1864 5655
7972 8633
5053 744
9819 897
125 3349
4938 3460
2248 4186
1965 126
8149 7055
2878 2116
6229 8725
3770 8196
9154 5802
1180 6505
307 7532
1275 5129
9433 7033
9394 6626
6843 4743
1887 6636
341 5321
2815 7538
5928 1443
7155 1734
3986 7138
9648 6560
8584 1288
6484 5083
5562 3630
5456 2754
1251 8363
1868 8693
8355 3176
5724 5752
1684 2399
4193 3232
2842 9869
2902 8095
7601 9236
9494 7354
5179 2473
7205 1118
4961 4500
9689 920
7565 7404
616 932
6041 4703
1257 1479
9733 8307
6299 7581
672 7368
7792 8214
7381 1695
5626 1381
8266 2827
641 4059
7172 7199
8586 8564
9991 2600
5962 6108
4634 6347
5482 1079
9141 6333
4655 4128
9874 2463
5461 1335
9547 2317
5731 5082
6421 2112
9749 1388
5072 9157
6171 5381
2093 8624
1531 6937
8331 5928
298 5940
5060 2953
3509 5598
7967 3145
3711 2253
4846 1657
8317 8843
8626 618
5517 2147
9785 6172
2962 2712
7170 715
6731 5968
3891 7277
4668 7355
7684 3178
6026 9345
7218 7564
8239 8641
6859 2655
3271 9906
854 7873
6081 9085
1680 8452
2042 4670
1374 2626
4469 7361
8410 2414
7167 1502
3637 7391
5727 436
6797 872
6495 8224
6126 3862
6326 1337
6142 3678
461 5221
1623 5493
2392 2254
627 4700
7740 2273
7685 7349
86 1298
311 4193
3533 2449
8991 9975
8647 6934
1821 4720
3893 4934
1996 782
3906 6878
7489 1029
1816 8189
269 8443
9421 3963
2352 4772
7032 25
9349 6825
1108 8618
8914 8312
8316 9079
333 6397
7702 713
6338 6116
4155 266
5850 1106
5649 3950
8945 5546
7840 2986
2209 1033
7498 605
4807 3302
717 3268
686 5170
5080 8444
6524 8897
7756 4150
599 3131
4687 5848
4476 2039
6029 7159
6553 7204
3060 8129
8151 6018
9870 2956
8937 4813
1311 5372
4843 5021
7305 9873
6981 2730
7272 5759
7325 693
5776 7126
4498 939
1229 6655
5952 8406
2621 510
2339 9954
2068 1101
5933 6272
6095 7273
1259 9403
2255 8674
6012 6521
5150 4566
4089 1858
424 3048
8176 8482
6340 9202
4264 7311
3515 4678
8047 3279
2009 2223
1213 7406
2828 7292
1438 5236
5692 1063
4757 4914
3673 1988
3292 2275
3878 8094
430 5912
9077 9376
1412 1077
5067 6523
7842 8612
9419 1208
2053 5194
7632 8476
5644 2102
9032 9630
2981 2114
7088 8238
907 2034
8488 2507
4982 2697
2653 5286
3694 5669
8501 4653
1292 4105
3216 9024
4961 8740
1530 8234
2762 9696
9513 2526
5531 9234
674 464
1330 744
9449 4336
3453 9373
6825 496
7912 4012
981 2589
7202 6809
7933 7609
3342 5573
9939 2353
5658 6532
2142 6070
8437 9202
1739 5228
3960 7642
2007 4382
829 4754
4067 2616
5364 9464
5123 3110
2610 8163
8171 5055
8148 379
8281 7491
3944 3524
9557 5781
797 828
4609 8108
9789 7710
4681 8793
133 1761
7060 2194
4333 5992
6606 5995
741 6563
838 9343
9204 3189
5939 9064
4728 1204
6329 8261
7378 9008
4582 1946
2108 1584
6453 6114
5990 2363
8341 6576
8193 659
2245 5456
7761 8508
5218 2662
6438 4902
9727 5511
8311 8351
8721 8025
6035 5427
1795 6824
9563 5040
436 9779
7775 4350
9477 9463
3728 841
9560 7871
2793 8589
3968 517
9380 1800
3125 310
7225 5139
6861 2481
0.4382 0.6656 0.2670 0.4361 0.5110 0.7348 0.6009 0.8540 0.4863 0.8150 0.7949 0.7027 0.6958 0.1510 0.6781 0.2131 0.5249 0.2698
0.5594 0.3662 0.6424 0.4918 0.5304 0.4086 0.3570 0.8837 0.2418 0.4765 0.8472 0.5367 0.3804 0.5475 0.3902 0.6536 0.7324 0.8107
0.6905 0.6576 0.6269 0.7583 0.6679 0.3165 0.5997 0.4966 0.2575 0.8842 0.3019 0.3285 0.5571 0.3445 0.2842 0.8712 0.8970 0.3438
0.7317 0.3367 0.6774 0.2698 0.6654 0.6775 0.5005 0.3597 0.4930 0.3857 0.5591 0.8648 0.8655 0.7515 0.6911 0.3240 0.3357 0.1998
0.5697 0.6542 0.5449 0.4110 0.8338 0.4232 0.7704 0.3827 0.8820 0.7332 0.7591 0.2199 0.3379 0.1344 0.3356 0.8825 0.6850 0.1647
0.3837 0.8569 0.4623 0.6373 0.3100 0.7122 0.4924 0.2752 0.2655 0.7782 0.5412 0.3221 0.8643 0.5604 0.6703 0.3225 0.2124 0.1894
0.6043 0.7069 0.5807 0.2960 0.2986 0.1415 0.6487 0.8415 0.5350 0.2848 0.6226 0.2907 0.1430 0.1820 0.4385 0.3705 0.6876 0.4869
0.1823 0.6580 0.7314 0.2126 0.1042 0.8901 0.5508 0.8611 0.2293 0.4333 0.6348 0.8659 0.8214 0.8195 0.4896 0.4911 0.6329 0.2633
0.7192 0.8896 0.3353 0.3631 0.3338 0.6291 0.1484 0.8437 0.7297 0.1732 0.6343 0.5703 0.2902 0.5383 0.7051 0.6923 0.7965 0.8673
0.1305 0.8481 0.8548 0.2434 0.4423 0.8227 0.7861 0.2440 0.8650 0.8533 0.1297 0.7850 0.4252 0.7454 0.5058 0.2526 0.8672 0.7135
0.8881 0.8145 0.8586 0.3371 0.8182 0.1306 0.1075 0.3444 0.5652 0.5937 0.1879 0.8605 0.3744 0.3331 0.4722 0.6253 0.5450 0.5295
0.5046 0.8284 0.8688 0.2099 0.7971 0.5130 0.4834 0.3235 0.2579 0.7625 0.1922 0.3708 0.2331 0.6989 0.4759 0.6310 0.3107 0.6886
0.2525 0.1115 0.7034 0.3761 0.7477 0.3416 0.5651 0.6524 0.7203 0.2582 0.2437 0.6004 0.8013 0.6232 0.8348 0.4321 0.7774 0.4503
0.5221 0.3686 0.1710 0.4283 0.6482 0.1781 0.2513 0.2151 0.4911 0.3650 0.8666 0.3032 0.1055 0.3136 0.4142 0.2929 0.4659 0.7174
0.3187 0.8815 0.3700 0.3473 0.5771 0.6921 0.5693 0.1093 0.3142 0.6354 0.3945 0.6675 0.2935 0.1508 0.6470 0.1968 0.4812 0.3513
0.2308 0.4321 0.6620 0.5116 0.8562 0.8332 0.8272 0.6763 0.7306 0.3547 0.6654 0.1961 0.6232 0.8504 0.8705 0.3416 0.4010 0.6035
0.2809 0.2795 0.8842 0.2094 0.4917 0.2254 0.4727 0.7125 0.5962 0.4060 0.4406 0.6750 0.5499 0.8477 0.4857 0.7204 0.5403 0.7569
0.6440 0.7763 0.2789 0.7241 0.3027 0.6573 0.7182 0.5880 0.8152 0.7450 0.1670 0.5304 0.4659 0.5326 0.6765 0.3963 0.1639 0.8514
