11 426 14
9342 8548
3103 7796
8235 305
1970 8713
2944 310
4504 3371
4018 9495
7278 1386
8741 9942
5249 6583
9648 737
8052 381
5569 7160
2957 6798
394 8649
5199 6258
4213 1491
1878 1627
8876 2755
4675 2359
2992 4187
1468 2526
5026 6672
2772 965
5329 2973
445 958
4882 6388
1617 5243
2334 6763
5311 4225
6152 1981
849 3318
3925 9781
9601 3874
8076 8333
8264 6308
1885 4412
993 5215
7615 9062
6669 1072
7932 473
6676 3829
305 4409
9077 9603
1663 4035
9088 2057
4990 9310
6664 7306
1374 8199
3333 2332
6116 8854
2755 4016
8806 6942
9095 7401
684 16
7612 4739
2742 8
985 7900
4477 9795
4110 6228
5757 3485
9587 8361
4609 745
2644 8750
9225 1145
4925 1469
6476 2014
2288 9117
4578 7077
3454 8270
5215 5613
4282 7417
4473 4029
3450 7533
9822 5381
260 2190
33 9974
7807 70
156 2843
6769 9106
8011 6435
8816 1329
1270 8825
507 7293
2022 5783
6166 9851
5864 6336
2903 138
2044 7580
6069 3161
7283 153
3629 324
4606 5862
3137 1474
4967 3623
3838 8090
5947 602
4599 8074
9929 3425
116 3212
6489 1817
4544 9324
8197 8093
2793 9040
3174 9268
9879 9259
2875 1070
9636 2101
1065 2087
4253 9337
3734 8570
4494 3143
4143 9176
7437 32
6997 849
5292 7086
6666 4489
1994 8491
7644 8119
5922 8474
712 3678
769 4553
6882 8723
7354 5181
84 6420
3188 5483
1340 9368
415 3696
6943 1219
4095 3225
2694 5394
5092 1029
1584 456
7863 7077
393 9708
5477 4102
4049 1766
7759 3905
5583 891
5465 8514
3878 1194
9829 7184
1567 7314
9485 2045
1401 994
546 6183
2089 1015
7240 897
4939 7075
1077 1668
914 9162
855 4831
6249 6581
1570 6735
3819 9823
173 7428
6290 7605
7014 1659
5564 425
7439 8474
5377 9630
3153 1769
1682 201
9751 1106
9713 3172
8337 4198
5822 6897
7887 7284
3046 3983
2255 722
5106 9576
7140 8407
5861 5098
9562 8866
2385 2415
7692 5057
9884 5618
4768 6042
132 8481
9608 2369
939 3889
8308 9166
894 6915
5633 3201
3282 3297
1120 5595
7657 9826
5425 9476
9274 5499
4909 6859
5384 2658
1717 7443
691 8125
3594 60
3654 3772
7643 3492
3916 7876
5431 6158
3363 6558
3018 110
5944 162
1208 5863
491 9088
1887 2333
4760 7215
3185 9595
5896 719
486 3262
3241 4654
2853 3587
4292 2855
5567 9085
4029 2925
3211 352
2884 4289
1657 343
2248 6208
1818 5544
3444 4998
7474 3934
6056 6100
2807 8633
7106 1071
2142 3107
3140 8725
6196 6131
5209 9823
7037 4006
756 9622
4819 2434
5368 4049
872 4588
2071 8327
9569 8011
3428 1333
7711 1062
2743 8333
6358 8342
6131 8168
8501 7606
2932 5272
6125 8609
7918 8106
7762 4396
9522 6569
9567 599
3394 3596
3325 7406
3840 6486
3581 5013
6963 6178
9361 2575
6129 4170
9020 1388
2200 1376
8500 5760
3771 9567
674 7622
8392 5511
6981 7391
7660 7086
6700 6021
8151 5194
4473 6264
404 2942
7236 3830
4351 1243
5883 1350
4825 8220
8401 8956
1280 4528
3731 1612
1942 1168
8946 3281
5468 3221
4959 4496
3123 9896
2258 8898
4278 139
4906 4617
5679 6616
6647 9501
194 7733
8399 2445
6512 3728
3717 3438
8451 9617
9054 7679
7559 5581
1406 5129
3077 7025
6843 3433
7187 7372
9149 493
6139 2276
5006 158
8188 5810
5567 3694
6867 6974
6608 8808
4909 5342
9616 380
9299 527
2279 2518
5410 9309
9879 9958
9402 6404
6247 3345
6400 1043
8757 6331
1779 5387
9330 7397
2808 1709
9058 2910
525 9885
3058 3260
1138 6322
4650 3373
3818 4769
8591 1146
7449 941
6039 8495
5353 6731
6407 2572
1814 2115
7835 1126
6373 3382
2128 3369
5075 7081
7778 2601
9891 9422
3325 8232
7519 4512
3304 121
2337 7302
1048 6541
9909 4044
8615 5388
9326 8043
7539 7580
9439 640
1492 4717
7476 5681
7079 7501
6302 3005
9316 1565
6447 715
3927 2587
4485 8810
4782 1093
3559 8085
1986 6041
1253 1723
8264 5341
2700 4141
437 1199
7567 6244
3185 6499
618 175
4105 1878
2236 5359
7606 7942
7558 1117
1352 8985
3969 7171
2297 7713
4573 2643
2794 295
9944 1646
2903 4819
6403 2759
1271 183
4476 2514
7219 5866
564 8721
3541 7242
782 8566
1684 6399
5051 7274
858 9800
76 797
3908 3276
1497 262
6908 457
238 5523
3148 1035
3613 1582
2750 2736
721 6810
8396 1764
5359 5286
9208 3105
3393 8875
6472 7010
1979 3807
3502 1734
5842 5298
6588 5181
196 6376
3606 1081
4562 6045
719 1103
3580 6735
4940 9811
8185 1668
8784 9325
2809 4127
1552 9828
5314 6366
2177 5440
5490 289
9970 9585
7354 6264
8372 3808
8248 9625
217 3811
347 2032
5060 3873
1300 981
8171 4859
3309 2484
621 3900
5385 2199
4556 5202
648 8533
6797 4726
5427 5615
3969 3372
8836 885
4068 3644
9962 6250
8543 5269
3007 7247
99 1058
8055 1146
3153 853
2318 3345
0.2028 0.1751 0.2422 0.5854 0.5496 0.7809 0.7514 0.8633 0.2674 0.2935 0.5156
0.1640 0.4491 0.6939 0.4826 0.3551 0.2344 0.6911 0.2618 0.3006 0.4473 0.2445
0.5963 0.3039 0.3483 0.3337 0.5722 0.4672 0.8927 0.6206 0.2649 0.3227 0.8064
0.7400 0.4941 0.1655 0.8790 0.8967 0.3945 0.4262 0.4094 0.2374 0.4856 0.4615
0.4462 0.5139 0.5992 0.7020 0.4550 0.7228 0.2276 0.7714 0.8813 0.7500 0.4948
0.1162 0.7241 0.4124 0.4501 0.7996 0.1681 0.7216 0.8425 0.8549 0.3459 0.5875
0.5400 0.2251 0.5528 0.6952 0.2439 0.3107 0.4116 0.4798 0.3505 0.4715 0.3320
0.4073 0.5605 0.5964 0.4939 0.1589 0.3729 0.2119 0.6856 0.4844 0.2603 0.2267
0.8504 0.2553 0.1034 0.1105 0.8058 0.5101 0.6983 0.6942 0.4065 0.5025 0.4314
0.8583 0.4406 0.8702 0.4232 0.8950 0.7080 0.4056 0.4146 0.5010 0.3521 0.6251
0.5819 0.1583 0.4348 0.8249 0.1318 0.8549 0.2019 0.4152 0.8636 0.5633 0.2330
0.2591 0.7250 0.4574 0.8840 0.3091 0.7318 0.8480 0.7156 0.6916 0.3855 0.5174
0.6809 0.5002 0.6201 0.6640 0.4016 0.6705 0.1472 0.6332 0.4156 0.8590 0.4473
0.7026 0.3021 0.2985 0.4913 0.1282 0.8548 0.7661 0.3960 0.6168 0.6788 0.6541
