14 603 22
2263 6762
9871 8393
4897 8975
5143 9069
3560 3291
3435 4760
5657 2173
2913 8255
8888 5281
1890 5771
9212 7870
9548 9349
6839 8747
4684 6920
209 8564
1744 414
6240 2381
869 927
3275 4374
2636 4695
4105 2399
1016 4835
3342 8866
529 5876
7415 1679
9205 3675
9195 6371
3892 8370
4712 769
6251 6349
6825 5122
9046 881
212 4117
3327 7259
3695 6025
9640 8955
9885 3218
3170 4819
7353 2906
1220 3063
2847 8418
1955 6180
665 7020
4572 9119
4329 2131
2636 9568
4178 92
5415 7640
2536 654
2518 5285
9779 833
4934 8037
9382 9013
5866 1194
5207 8608
3603 3012
8529 1117
8276 2611
6814 8897
8798 6609
1506 5724
3624 3495
5437 5424
5911 4809
3579 8691
7780 9196
144 1879
5668 7301
3937 3994
653 5258
6248 1857
6322 4203
8851 4633
404 8468
6143 8426
8335 7300
7975 718
4856 3154
5248 8419
1349 1572
2742 8814
8736 120
1072 3453
3492 6950
1702 3368
8810 7130
1181 2519
389 7523
5434 620
1433 1200
889 2916
4127 9143
1154 9420
3729 4237
6678 6357
7391 6626
7094 5183
276 6381
1938 8762
96 1036
9594 745
1189 5860
8238 1738
4748 4937
9937 1417
4612 7170
6249 6473
504 7765
2561 8740
3602 2234
6406 8941
4832 2360
4883 6113
182 9068
9094 2316
2019 684
82 9383
9775 6456
8800 8970
1394 4992
3441 5633
3469 6760
8397 2333
2637 3014
3617 4140
3183 1877
2971 9294
891 8992
7557 9005
1198 4762
1103 4107
1608 3234
9512 7982
5420 5851
2100 3842
1639 4671
1143 3170
5206 7960
7383 5379
5008 9571
2496 9266
9287 5971
5182 7017
2762 79
5131 4033
3629 7145
4533 5889
2200 5432
7863 7583
7296 5877
9038 1783
2879 9938
1343 4597
2293 8824
1252 1235
305 8309
511 9533
9484 6637
9667 3485
600 9037
4269 8904
8842 7734
2435 5993
6430 3658
9660 4767
2193 7613
8210 8362
1483 6500
5961 8227
173 3913
2717 8423
2299 7310
9279 9270
2395 7921
5878 662
3585 7989
3796 1029
4331 6052
3834 701
3387 8485
5918 6358
7695 7448
760 653
5309 1691
8542 4480
4314 9480
8918 9341
2848 6171
6201 5985
9628 1275
8465 4121
6165 3651
8460 6649
5781 5653
7976 7898
9899 108
8222 2276
7207 2713
3768 1263
8430 4600
3465 2461
3062 2578
5934 9863
1938 3773
6793 5410
1856 7889
7844 7848
3452 9679
2641 6732
367 3992
706 2095
9396 9705
2639 2207
8399 642
9376 2406
916 2725
4231 2949
9819 9234
305 4644
1404 3548
7359 9937
7723 7891
2794 3594
6730 9844
2338 9546
2979 8369
4333 2747
5614 7429
9773 9676
1127 3765
2166 1778
271 3315
8564 8263
6877 2450
9920 1577
2906 7796
9827 639
8706 8246
1925 1526
7901 2135
9887 8835
19 7069
8553 6892
6068 711
8680 7028
3759 7899
6246 5742
9650 9439
1600 6971
2193 4170
7817 3809
9802 8908
6695 4223
3096 89
8561 1930
8515 117
6144 3365
5175 6698
5935 1746
2535 6980
9590 4155
4281 8783
6939 9251
5990 4514
6511 3337
6770 9045
2928 6065
9160 9091
7925 4157
5024 9464
5641 6522
2262 1951
3764 7317
2650 1642
3513 8328
6562 5544
2633 6375
86 1492
2381 7727
9834 7133
1444 1049
4310 3633
6075 1311
9978 618
6296 6564
8536 4693
9788 941
2871 8099
7192 175
4685 3190
550 9822
8364 8451
3795 2776
3919 4
2579 1422
4520 6544
5785 6474
6642 9602
3281 8482
251 1124
1477 9004
9550 5703
5693 4530
3707 9934
3187 7450
6618 9419
76 4277
2867 6670
9152 1185
8243 4821
5570 1917
8409 4222
8813 9419
4098 7254
6178 9226
7923 3985
5565 7517
7548 9614
448 7896
1904 4224
1106 6269
3610 3767
5785 8462
4314 4067
4706 1523
1245 9085
5142 5792
3580 9399
4408 2994
3115 8175
3271 3847
3965 4348
3387 3755
3322 4091
5833 2555
1747 1964
1285 8071
108 8871
692 7901
6081 5167
8066 9412
4501 8041
2101 887
7836 8859
533 8232
2863 7490
1972 8490
7537 5171
137 193
3452 6216
9519 1650
5331 5924
4254 3066
8987 4306
3885 4413
7722 5621
5995 3013
8171 6945
6099 5981
6563 4581
9361 2148
9435 3744
1636 4422
3863 9098
7081 6240
3212 2389
159 2893
6906 8185
2203 8470
8748 5172
7972 4915
9303 781
6527 1621
2676 983
7807 1577
7370 5483
4256 5914
5903 9180
9133 4222
5638 324
6746 1986
5752 9921
3259 9451
9435 8821
2859 4663
5818 5326
8363 7987
7322 1284
6243 4694
7598 2373
2745 5527
6911 9365
6631 1168
1296 2654
5629 3739
5136 5191
4773 4382
9918 6479
4444 7289
5950 9616
8535 7377
6782 2741
3012 378
4122 1311
3450 2734
1565 1045
7752 8985
881 431
6504 8584
1363 1702
4300 2544
1381 6387
5068 3757
4053 4655
7260 2071
2150 8630
2795 468
5328 7801
7654 8856
4463 8987
7288 2213
8835 2900
9680 9790
7480 9240
7126 8576
5688 7891
8841 3721
1467 7239
5044 5992
2551 4973
172 1
8574 2233
5634 4698
136 8059
7816 4908
149 7052
4799 9781
3788 118
8981 6121
3089 6745
9184 7161
6467 4094
4308 1297
6917 3924
4664 8715
4404 6765
3080 1121
2988 2238
4744 1808
7460 7418
3076 5253
317 2492
813 8764
362 3046
4410 2048
3814 1477
2468 241
8086 3558
5601 6885
5104 8165
6084 7597
519 5410
1314 2393
918 4366
6429 1169
2975 3148
4097 6251
206 1998
7257 4049
549 3263
7550 1539
8538 3415
7746 6375
5113 5293
9004 8534
2001 4150
3255 5905
853 3568
1850 3866
7113 5316
246 2742
4523 9579
1960 6484
3982 146
688 9520
7786 9768
2539 6084
1466 4075
2583 8190
1497 5544
983 979
8787 1759
2061 7992
3812 5189
9148 5690
7187 3161
349 6189
5868 2207
4107 646
7951 7168
9159 4828
8892 8029
3109 9284
3057 8906
5696 5303
7674 4510
9808 9085
2627 1128
8702 2539
7362 4844
6014 7439
11 8289
6210 3039
306 5965
3912 5254
1037 8830
6348 3110
8586 8151
9035 2525
4638 5285
6714 5276
1809 1577
2926 512
3310 1753
7952 3139
1617 521
9355 6366
8026 8615
804 6002
1161 214
3419 8051
1310 7668
994 5913
9142 6814
6046 955
4355 8667
666 1153
4979 1276
3537 8511
1591 1658
3784 8710
3164 8621
4075 9339
2931 9149
1728 9446
5864 7515
6997 1705
2733 2955
9010 6579
8268 5529
9829 7258
5772 5163
9012 5319
6090 6755
9968 3943
9226 8939
9015 4162
5898 7412
7331 6505
3 567
4660 9760
267 8480
2213 4945
107 4920
5159 355
8376 9114
9349 9365
2534 1544
618 7542
2267 4341
6014 9538
4093 3817
4198 4920
1505 9346
6550 9323
3562 1264
5319 7905
2832 7999
9440 1562
9752 4921
612 9441
6251 1285
916 5478
5700 7115
187 6266
886 4993
8591 674
5231 8846
9255 2450
5354 8231
3617 2509
827 6436
7300 9750
9424 8269
1475 3638
7076 4747
6460 2425
1352 7796
6529 8221
7118 2136
2209 7879
9163 3245
7993 6476
9360 3212
9194 8589
1173 4362
1843 6776
6939 5984
5706 3120
5254 5644
9730 396
4994 2773
2389 7216
735 3825
3271 6124
1841 893
3982 2419
0.8116 0.7819 0.7718 0.3356 0.1112 0.3812 0.6683 0.7588 0.1911 0.3499 0.4686 0.4859 0.1186 0.3718
0.2712 0.7062 0.5407 0.2735 0.2669 0.5476 0.5286 0.7146 0.3118 0.5495 0.4956 0.6103 0.6979 0.2157
0.6694 0.6724 0.6474 0.1150 0.4085 0.5775 0.8422 0.6435 0.5315 0.1356 0.3092 0.2395 0.1492 0.3326
0.2644 0.7465 0.6705 0.6062 0.3222 0.1434 0.4808 0.6363 0.8742 0.1068 0.1545 0.4183 0.6409 0.3222
0.6431 0.7980 0.8478 0.6407 0.3950 0.8080 0.1883 0.1156 0.3396 0.8105 0.8236 0.6319 0.4166 0.2893
0.4118 0.5165 0.9000 0.6813 0.1815 0.8404 0.3584 0.4970 0.8100 0.5891 0.5354 0.1721 0.2527 0.2629
0.5101 0.8919 0.4751 0.5593 0.8588 0.6836 0.1176 0.1325 0.3026 0.8555 0.5336 0.3497 0.3732 0.5013
0.4222 0.7098 0.2286 0.1150 0.3840 0.6605 0.3882 0.3911 0.6121 0.3476 0.2934 0.5106 0.3259 0.7651
0.1507 0.6126 0.3110 0.8198 0.4171 0.8294 0.7675 0.1241 0.8734 0.5546 0.8775 0.3295 0.2847 0.2242
0.3799 0.8349 0.4218 0.6381 0.2124 0.1719 0.6979 0.4131 0.5265 0.8869 0.6554 0.6017 0.8149 0.6124
0.6623 0.2863 0.4418 0.2969 0.5693 0.2251 0.4493 0.8950 0.3559 0.8452 0.5959 0.3697 0.4679 0.5441
0.2079 0.2693 0.6345 0.2135 0.5759 0.5434 0.6603 0.7554 0.2657 0.8066 0.2131 0.3531 0.6640 0.6776
0.8361 0.5291 0.8451 0.2107 0.4523 0.8446 0.8993 0.7308 0.2189 0.6375 0.8643 0.5627 0.8512 0.2294
0.3600 0.1555 0.5565 0.5366 0.8770 0.6893 0.1969 0.2508 0.3601 0.7877 0.8205 0.2192 0.6956 0.1241
0.7270 0.3610 0.8210 0.8969 0.4391 0.8874 0.4368 0.3485 0.4629 0.7108 0.8649 0.7731 0.8324 0.6217
0.8645 0.7048 0.3242 0.2244 0.7382 0.2539 0.1874 0.2077 0.2513 0.1214 0.7245 0.6013 0.6054 0.3186
0.5961 0.5645 0.6016 0.2891 0.5885 0.2902 0.2891 0.6630 0.1213 0.3943 0.1651 0.6637 0.7388 0.4904
0.2098 0.5115 0.7931 0.5953 0.4840 0.6832 0.6321 0.4063 0.2507 0.7980 0.4174 0.5025 0.4881 0.2126
0.2341 0.2583 0.2853 0.1264 0.4347 0.7263 0.8936 0.1122 0.8581 0.3210 0.8784 0.4383 0.2823 0.7081
0.6499 0.2661 0.7207 0.2675 0.1541 0.2450 0.8594 0.8820 0.4598 0.8103 0.6054 0.5013 0.6634 0.3661
0.8100 0.4748 0.8271 0.3021 0.4502 0.4316 0.7358 0.1342 0.5980 0.7023 0.7752 0.4116 0.6899 0.3563
0.4228 0.6009 0.8693 0.7082 0.5685 0.5864 0.5392 0.5302 0.6254 0.8174 0.6768 0.7446 0.1315 0.5265
