7 257 24
5571 1318
7530 4750
3327 2893
9084 644
6294 3129
4896 6391
1749 5886
7970 1390
7175 3104
2292 584
3163 415
9714 3907
8015 6369
1032 8856
5041 8186
8748 7361
268 606
5558 918
5533 701
6643 1936
3468 8570
7509 8791
2440 9492
3817 1180
604 2319
8010 312
7720 750
3976 2138
235 2822
818 5035
1594 7474
2796 9683
1047 1742
1870 8145
9748 3613
1033 3320
6983 5527
6586 5312
1979 9436
8943 2250
5268 3493
746 9717
2841 5496
1035 1978
4487 2314
6801 2753
6060 9067
2703 7187
3991 9535
666 2185
1637 6162
2584 256
104 118
2939 1460
9727 4648
6819 7798
2079 3377
2344 4439
8570 7379
6750 3919
2859 616
9769 2949
8190 1442
4934 5699
6861 74
9137 3860
3144 1925
8686 1567
5929 8842
8315 3592
7605 3409
4528 869
2444 7772
8151 2888
2617 706
885 5966
4670 3433
7121 4118
5477 7424
709 1710
859 8804
2881 2589
476 7947
8436 1901
1160 3855
7287 9710
9498 5340
6865 3256
5336 3769
1804 5343
3731 1606
3884 6759
3276 6152
3615 1204
7716 9586
7936 890
7141 2374
3541 9984
7454 2917
6346 6119
2234 7499
3181 5875
4418 3313
5503 2084
525 9317
977 4597
2236 1820
7627 7513
5629 3602
4835 9889
2568 2784
9471 9056
3763 1416
6745 8548
8015 3546
9692 7757
7581 4573
237 7014
4041 4060
5362 7114
9493 3643
9695 2440
9399 83
6844 724
656 7711
8261 550
6974 8701
6460 7852
8114 3940
1361 9150
203 6662
3571 2174
5872 4846
3916 1486
260 7860
4994 2650
7524 9345
9562 399
7452 7598
2271 6641
3030 6068
7607 22
1158 6305
5454 8698
535 4859
6977 4420
8887 9424
3393 1326
8433 5963
844 1818
6274 5989
7624 669
5989 6003
2871 9155
1097 9187
3354 2267
5487 3909
8841 1860
7839 9504
3437 3693
5250 5778
4380 8250
6929 4540
892 1038
6108 5656
7412 7966
8215 8629
2010 7703
8714 8730
4788 7405
6031 1075
3085 7501
1430 1313
6400 2929
4724 1260
1791 2699
4521 1835
2424 8131
2465 3346
8530 371
4803 6824
8870 2163
7764 5680
6883 7272
351 4776
3097 1031
361 3806
8513 5503
6745 9481
5616 5346
7965 9721
8686 8986
7295 7503
4982 9293
2161 5021
2813 4259
3715 7933
6093 4720
775 2430
5785 4659
7469 2725
2634 8770
4673 2986
2641 3897
1915 674
5187 9413
2072 7223
4266 6056
3022 3361
9215 568
5192 5633
2423 6109
7347 8845
4940 1990
408 6628
8182 2381
7504 5246
2556 70
8948 8313
5427 4842
7764 4748
9399 2409
9260 7243
5549 1840
7847 656
2284 9026
1914 5047
3610 7306
5855 1515
5347 901
9963 3197
9558 8625
3639 4553
1369 8821
7298 1431
8385 6462
3185 8035
5206 9882
9913 8381
6513 2423
7006 6056
199 4663
5651 5756
5047 7300
9191 1435
4728 2683
6944 6786
2286 9620
9796 1410
2353 3404
4968 7776
1083 9677
6156 1449
108 6708
4478 6791
2243 3264
3047 6254
4742 9074
8037 691
4947 9588
4979 8095
9163 7593
3678 439
40 2523
0.3151 0.3458 0.8831 0.6247 0.7834 0.6214 0.4871
0.2017 0.6356 0.6455 0.8312 0.3356 0.4417 0.2469
0.5029 0.8428 0.6634 0.6282 0.3004 0.1233 0.1977
0.7264 0.3270 0.5039 0.8951 0.1546 0.5906 0.7107
0.3963 0.5760 0.4936 0.5633 0.4572 0.8113 0.3112
0.6144 0.6618 0.4899 0.8981 0.6687 0.7703 0.1979
0.4057 0.5198 0.7004 0.5712 0.1143 0.7924 0.3126
0.2334 0.5764 0.1479 0.2197 0.3618 0.4776 0.8195
0.6679 0.2109 0.3927 0.2337 0.1433 0.3233 0.3958
0.4436 0.6212 0.8471 0.8824 0.3916 0.1399 0.3374
0.3389 0.5338 0.6234 0.8670 0.1629 0.5209 0.2587
0.7278 0.6144 0.2501 0.7264 0.1774 0.5905 0.7165
0.2369 0.5454 0.3642 0.8147 0.3590 0.7773 0.7922
0.6611 0.7552 0.3466 0.3223 0.6615 0.6717 0.6638
0.3969 0.1785 0.5377 0.5751 0.3880 0.7744 0.2177
0.1105 0.2121 0.5244 0.3305 0.4055 0.7379 0.4972
0.4375 0.3787 0.8544 0.8461 0.2335 0.1839 0.2784
0.2266 0.5123 0.2811 0.7812 0.2543 0.7513 0.8348
0.5576 0.6025 0.6649 0.7810 0.8802 0.5306 0.7931
0.5358 0.6837 0.5514 0.6752 0.7195 0.7574 0.1933
0.4418 0.4772 0.8504 0.1625 0.1954 0.7707 0.2075
0.8564 0.1142 0.4928 0.3852 0.3552 0.6661 0.3970
0.2138 0.7693 0.4620 0.8288 0.5895 0.5285 0.7255
0.8947 0.3802 0.2410 0.6815 0.3495 0.1235 0.7098
