8 311 22
694 4025
8498 8812
6481 643
9137 6347
8456 807
3110 4770
7201 6521
4989 4684
7558 2727
6921 4823
893 8470
2330 7595
7400 1481
8202 1854
2945 9591
8952 2216
6440 6775
5299 7387
408 2930
7433 9671
3308 7449
1477 4097
5309 2686
2024 1494
1870 7362
5946 1397
8582 6292
8383 2619
6204 9016
6235 719
2799 5491
9265 2459
2656 2369
2930 840
6874 5047
5071 7311
4731 2960
1926 2155
3323 57
4146 200
7514 8153
8169 8904
94 9961
8084 3897
3553 9647
7794 7434
6719 7239
1300 9850
9832 107
4009 8967
4556 9134
3401 801
3028 2429
902 5718
601 2381
531 9471
9884 4889
5424 1436
803 1784
6831 2920
2643 4659
9747 9376
9210 2906
7460 9485
5901 587
1525 4903
5289 6038
6208 1108
7001 9018
1063 4797
7713 2204
1999 4496
5393 8635
6779 8595
3438 3425
953 1790
9361 8666
1436 7924
9908 4705
6996 9975
5185 4254
8608 9423
5797 2125
9218 8132
8514 8154
8069 2947
9984 3812
4759 3171
25 1936
392 7616
1932 3396
6793 6783
745 5468
5728 9181
3478 185
3296 4614
4168 1111
5042 4919
8301 9011
5307 100
1865 5460
5592 6488
9321 477
2877 3178
5415 5536
7849 7774
582 2224
7888 2545
7546 8797
5490 7577
6782 917
8537 4904
9256 5169
9096 8779
306 3412
9460 5434
5793 1084
2446 4595
510 5556
6147 8753
2719 9354
9923 6382
3070 9751
1914 5050
5152 518
4448 6780
1422 8143
3893 6088
7404 4958
3541 8603
4953 2867
1838 6131
612 3311
1517 7270
8290 408
7907 8192
2524 3116
5572 7921
8579 5084
5363 2347
1609 8456
2174 3361
598 7526
6350 8558
1897 67
5095 721
9736 1426
755 1689
368 9462
5114 3438
5257 3285
4532 8720
5228 7227
2446 2580
4483 1875
249 9168
8422 1677
3384 8888
5739 9000
5218 4440
2319 4641
9405 4011
2806 1167
5101 5549
8856 7268
831 2131
475 7712
6284 881
1410 6987
6421 2932
9766 9711
7304 5826
5119 5444
3246 8740
1286 7629
9302 2159
1522 7672
1593 7464
5085 7625
7709 3796
3666 2354
4227 5954
5412 5320
7426 7987
495 1070
7787 1849
5758 7842
4624 5711
9903 9415
2087 8322
1686 6646
1752 5339
9111 1162
4949 8728
7552 6566
9675 6773
3908 3992
8977 2605
7903 6288
1082 5582
3411 9682
7063 7132
9293 5606
8921 3869
2835 1276
9407 7972
1873 9702
9766 7584
5330 9094
2886 5046
6648 1140
9801 1781
9771 6208
5364 8098
1007 1483
3565 2276
9515 3
2403 2444
7421 8704
4775 6389
9468 7326
3205 3369
5187 4910
9343 4989
7122 5640
1462 9547
133 8362
6622 2089
4819 1022
6049 8992
870 13
9175 5885
1797 4623
510 3854
7073 9669
6459 5212
6271 6652
6251 7130
8931 3460
2841 7780
2278 3083
5902 6835
2527 4726
2056 2200
190 1175
257 2359
7974 7155
2224 1387
2248 6813
7471 9902
6974 2945
7444 8346
7373 6303
5821 3698
3044 6959
9468 8161
3878 8220
8948 9442
6012 548
620 9308
7917 6038
1854 9507
7889 1311
2327 8624
4578 7617
8469 1281
8574 9995
7740 1279
8834 9496
5119 864
5628 8765
176 7681
7687 9403
5431 6897
5782 4827
4738 2744
578 9791
4981 9235
4267 1006
845 4780
447 4699
1259 4552
4129 2171
4603 4509
1827 9893
2860 9695
2476 7317
6058 2873
4280 3869
7944 2962
8640 542
5617 1382
2376 9757
2525 8125
6765 6277
3898 7211
2740 3454
9465 5653
890 4331
1900 860
2745 7602
6533 7802
4937 7803
8724 3828
6222 6390
7775 4302
7122 194
4731 7353
6258 5172
8687 672
1595 8704
5797 7074
4466 5488
4429 4375
1610 4183
9571 6408
7554 3961
9645 3193
8518 5528
0.6551 0.6654 0.2473 0.3566 0.5486 0.1086 0.6511 0.1069
0.7813 0.1556 0.1097 0.4368 0.1800 0.5302 0.1851 0.6615
0.4653 0.3879 0.2797 0.6941 0.3320 0.3063 0.2581 0.1278
0.1194 0.6074 0.1753 0.1465 0.8688 0.5867 0.6378 0.8323
0.7844 0.2776 0.8786 0.5910 0.6227 0.1997 0.6800 0.8846
0.1982 0.1707 0.8015 0.5953 0.2064 0.4079 0.6377 0.7257
0.8371 0.6307 0.5637 0.7579 0.8923 0.2513 0.8340 0.1908
0.6698 0.2509 0.3075 0.3413 0.4825 0.6410 0.8669 0.1620
0.6232 0.4714 0.8558 0.3264 0.7302 0.4497 0.6670 0.8400
0.6468 0.7306 0.7308 0.3649 0.3108 0.2326 0.7395 0.1606
0.3271 0.7366 0.1511 0.4135 0.4183 0.3725 0.1492 0.3115
0.8828 0.7658 0.3168 0.2457 0.4609 0.1568 0.5028 0.8606
0.2643 0.5999 0.4216 0.2461 0.6287 0.5030 0.1888 0.2178
0.5428 0.7297 0.4532 0.2789 0.6029 0.6270 0.1870 0.8476
0.4617 0.6860 0.3121 0.1846 0.1285 0.1597 0.1576 0.5680
0.6960 0.3052 0.7367 0.4652 0.1153 0.8344 0.5077 0.2219
0.6348 0.6245 0.1007 0.8642 0.1309 0.6444 0.4198 0.3182
0.2241 0.6734 0.3701 0.8410 0.4205 0.5707 0.1030 0.5222
0.6796 0.8699 0.7315 0.5019 0.4916 0.4572 0.4308 0.7914
0.6961 0.7397 0.7654 0.7433 0.1574 0.5424 0.2850 0.1027
0.4149 0.8816 0.6646 0.7700 0.7388 0.4949 0.1992 0.5646
0.5385 0.8659 0.3940 0.3731 0.6585 0.3480 0.4281 0.1452
