8 193 12
2332 3712
5036 2053
3438 2133
1287 6960
1830 1273
308 7934
7065 696
3217 1766
537 8412
9718 971
7685 1948
4145 709
1085 4942
168 1581
2028 9859
3365 9627
3277 3027
5759 479
1487 2384
4544 9498
5698 5770
2630 8202
3962 8272
9342 1119
1623 9472
229 8664
3555 3138
4617 2814
8800 70
1616 3506
8260 7777
6004 9656
3033 7203
1758 2963
5813 6219
6948 3510
8425 3728
6677 1848
5149 2025
7633 1807
8515 2226
8123 5918
4723 9128
665 1347
5375 8088
1895 6304
4646 7486
9836 5111
7273 3700
9075 6672
4761 7011
3093 1140
7793 6020
2937 209
8055 1723
6494 7177
8563 1392
1953 2348
6468 6563
9675 1666
2764 1060
5959 3261
5548 3281
9747 6623
2011 3815
6958 8177
9726 4472
6557 5834
7795 9882
6626 7938
8379 4569
2414 7448
1770 2001
4107 8017
8147 3781
2205 486
1631 865
1117 8161
438 2934
6269 9905
5356 2502
4960 1578
1253 8518
8064 7635
3308 4809
8157 8032
8270 4287
8887 5629
8856 8955
289 517
7051 1951
6285 7374
5153 6165
7250 7531
589 538
2897 9120
4965 2689
8052 7056
2203 5119
6374 7986
1792 9320
8037 9073
8837 9375
7697 7797
9211 2560
8301 913
6412 4315
8105 9683
6189 5779
4660 5250
1006 461
9674 739
2100 6003
5715 9567
440 5591
6235 1594
7014 5654
5855 6749
5755 924
4001 4056
3844 5113
9708 1391
1875 5531
2781 322
8821 5343
612 7551
6921 9306
8433 6900
4368 334
7695 9633
364 5185
6188 9344
6394 5282
9380 1601
3373 5504
8138 8237
5563 2730
4907 5952
7143 3305
8142 1234
8779 3507
4708 4344
778 4871
9396 6586
3700 1506
9473 1552
9697 5518
4478 1102
9280 8700
7786 6997
3436 5690
1256 4945
8268 4913
7092 8846
5133 3278
6788 6591
4116 8443
7425 8971
8457 3056
9451 8178
3489 7656
4389 8728
7106 9275
981 8556
3287 5968
7577 2420
3938 2465
4919 7133
6721 5220
1055 3335
6757 4373
4702 2631
4201 9850
3868 6649
3907 1860
2456 3144
453 4023
5087 7604
7952 9172
7145 6914
606 3309
2610 4468
4233 4551
9022 2883
691 7960
326 906
1375 5143
9856 4882
1041 6668
5954 1479
6502 2302
1976 8551
9509 8605
4125 8133
1478 3900
9827 2003
5134 5395
9573 6388
3865 6928
3571 2363
3507 4498
0.4600 0.4345 0.3083 0.8068 0.5829 0.1458 0.5017 0.5370
0.4069 0.6731 0.8771 0.1925 0.3592 0.5470 0.4471 0.4890
0.6592 0.3018 0.8891 0.3275 0.8204 0.7424 0.8675 0.2187
0.3973 0.4893 0.6862 0.4012 0.7728 0.3524 0.1172 0.6287
0.8920 0.8415 0.5962 0.1285 0.7893 0.7057 0.6424 0.7544
0.8707 0.1447 0.6658 0.8515 0.7461 0.6501 0.2963 0.3072
0.5527 0.4151 0.3533 0.6234 0.8851 0.6739 0.3972 0.8398
0.7653 0.6613 0.1999 0.5381 0.8102 0.2936 0.8025 0.4624
0.4182 0.1064 0.8452 0.8870 0.4219 0.8598 0.8519 0.3093
0.3464 0.1739 0.8670 0.7739 0.7198 0.2928 0.3436 0.2723
0.8040 0.8292 0.2312 0.8502 0.4595 0.6172 0.3598 0.8204
0.7653 0.7281 0.6279 0.4328 0.7466 0.1277 0.3244 0.8097
