7 321 22
6765 5451
6920 1644
2627 4275
8295 1087
5764 6895
9865 8973
5353 7426
448 853
3010 7264
2229 50
6564 3278
5006 5140
9434 1347
1815 2585
4089 8460
2131 9732
6722 5233
7397 7837
2187 4270
2842 9716
5367 4616
3254 1382
6791 6022
2980 6447
6182 9345
3677 339
376 9150
3747 1457
7576 3248
4289 2764
815 6570
7027 9836
4262 2445
1459 6028
2787 9293
1922 231
8615 7129
7433 8096
1941 3677
3328 3121
4361 4717
8096 6259
2133 7066
3385 9831
3531 4636
3102 6853
2955 6693
2391 471
4754 4289
3858 7388
4068 6056
9550 7506
1404 169
7682 2182
5296 6513
3476 6283
6935 9784
4198 1196
1561 9125
962 853
5453 3847
7715 5804
9934 9801
745 87
4155 8266
6241 4956
6466 6076
2166 9167
673 9510
2938 4264
2783 8253
8074 5557
1468 5198
2323 4266
1914 5132
723 2095
8179 4603
5907 7046
4635 4312
4321 8470
5128 7139
2703 5169
8049 2478
9104 7208
871 3095
2435 894
3766 3000
587 7704
7653 7150
1900 8108
668 7233
5841 9189
7949 7499
8077 1843
2425 2025
5727 1533
3337 4654
2959 2757
8335 4469
9228 9595
3479 9560
67 8618
9351 2958
6822 1258
4033 8161
1545 5384
425 4657
1998 6458
6120 9672
1737 5300
2519 473
1328 7540
7861 7439
4412 9735
95 5397
718 7423
5323 9325
2118 3463
797 4635
5294 909
1158 8964
9867 6248
1516 6534
4180 2916
3933 6535
1461 336
3411 2669
6365 6592
4668 2525
1975 4891
8042 7083
5080 9887
2151 5882
1574 6020
8399 3274
8021 7298
6358 7805
4398 9225
9835 6931
1478 6922
6033 3053
7112 6979
1522 662
8410 5599
7594 3673
2540 8115
8638 8596
1375 4762
1297 7825
4921 2434
2093 4921
4073 8570
7007 4841
9314 781
9027 1253
738 8411
1763 8366
6961 6766
1548 7612
9313 4151
5823 4175
9593 1339
8248 266
1866 7583
2941 2985
6438 741
1364 6819
4876 5143
7371 4342
5592 3066
3458 3032
1281 9896
4248 1742
7107 8755
293 95
6470 1911
217 2813
7817 7539
6637 9861
7974 4961
5910 6471
4958 1435
2049 2213
227 3126
3083 439
3428 7882
2378 3961
3127 1410
4930 7592
2427 7765
6912 357
1908 2721
2497 7295
7947 7724
321 7364
9588 3975
3298 4830
9329 6418
834 5469
129 1682
7074 6810
8121 9480
9762 9081
4764 606
7987 6548
7964 8410
9683 7993
3799 994
8655 311
6914 9443
5174 9064
1040 4388
6834 7755
5681 7345
7147 340
2643 4718
3149 7688
5633 7178
3802 8317
3599 9628
5556 9864
4806 6395
6829 5902
7738 2654
1412 7911
2115 2839
3268 2561
9924 8063
1653 6815
8089 4975
3845 3431
9123 770
297 5878
4273 5849
2598 2862
8248 523
1043 5533
7055 1867
3714 1977
9207 3671
7968 4224
5575 5820
764 9126
4382 2476
8444 9900
1706 826
7173 7489
1817 1734
9988 1669
9215 687
8311 1727
2736 1934
3365 5925
7233 8288
8165 1626
2527 5959
5482 2257
2014 3307
7194 6811
107 4019
7760 5592
4698 8274
2805 1396
4358 6101
4021 2483
8677 6909
3738 2260
6706 7516
8456 5927
487 7251
2385 162
8476 1140
1389 5542
5157 6580
2692 7111
1007 6443
607 2473
9413 947
8516 4845
6869 6586
9070 4986
5139 5638
129 4583
8647 10000
2406 6618
7310 3360
8919 7244
5656 6627
3232 4940
1380 605
8805 5480
6389 2064
8527 8860
4651 3501
1520 8383
9040 5115
8541 5582
2621 383
456 8846
9707 4238
3954 4979
6926 8278
1809 982
6110 4255
8314 5807
2028 782
2043 7352
4881 9378
85 7424
5553 3868
9528 9266
8737 9757
3831 5739
4902 4661
9384 2293
6187 8514
4057 1724
5371 8461
9541 3154
5919 7443
1605 2401
1342 1511
1018 6961
2130 7802
3519 7309
1279 6050
8622 6598
9637 9158
0.5251 0.7380 0.4234 0.8143 0.3160 0.5786 0.5086
0.6213 0.4468 0.4605 0.6644 0.8627 0.8764 0.5010
0.6994 0.8973 0.4415 0.7748 0.2334 0.2182 0.5143
0.2041 0.4971 0.6825 0.4749 0.2059 0.8930 0.6771
0.5204 0.8071 0.5334 0.1967 0.6689 0.2741 0.4730
0.4877 0.1267 0.7115 0.2284 0.8733 0.5579 0.4025
0.8550 0.8797 0.1972 0.5928 0.7982 0.4347 0.1903
0.1990 0.4027 0.5683 0.3372 0.1329 0.5282 0.2255
0.1964 0.4043 0.3497 0.4067 0.3484 0.3408 0.4980
0.1229 0.7481 0.2170 0.2164 0.7420 0.5830 0.4455
0.1398 0.8674 0.8325 0.3499 0.8283 0.3322 0.2766
0.2499 0.7710 0.7059 0.5004 0.1017 0.2002 0.5485
0.3856 0.1553 0.8130 0.1366 0.4420 0.4941 0.5694
0.3537 0.5634 0.4705 0.8375 0.3767 0.7400 0.4090
0.4893 0.7835 0.6898 0.7829 0.5961 0.2087 0.7241
0.2134 0.5135 0.6213 0.4775 0.7239 0.4685 0.6465
0.4678 0.2220 0.8097 0.6962 0.3664 0.1731 0.7552
0.6118 0.6443 0.6108 0.4355 0.4172 0.2907 0.8374
0.4239 0.3777 0.5431 0.1375 0.8848 0.6492 0.8291
0.4629 0.7028 0.3272 0.6291 0.1725 0.8093 0.2356
0.6793 0.1203 0.5685 0.6161 0.7522 0.7320 0.6795
0.3530 0.5596 0.6285 0.2014 0.6274 0.5582 0.1697
