17 612 28
9598 6227
1404 4839
4037 1204
1344 4390
2526 6225
2527 6383
5188 5909
1745 1499
7286 5896
4419 1674
2170 1430
3070 7061
7353 9125
9088 8395
6685 1692
430 1468
5798 9080
1524 9780
9798 5315
6311 202
4781 6779
6353 1387
9167 3977
9370 8537
2778 6237
2777 2274
4405 4933
4397 8079
2390 1036
2739 7121
4521 6899
4911 7933
1260 5916
4123 4040
8123 9728
3203 7501
1752 2219
4991 110
6483 5443
6224 5399
7212 5484
7055 9738
2230 4922
5253 9883
3290 7848
5147 2910
6524 5228
4775 8044
9435 3971
5339 6161
4592 6437
5980 1865
9238 3273
9703 8939
2947 9012
440 7563
3434 7183
4773 1133
6703 8180
3965 4139
2525 6932
6176 1211
7357 9796
7851 9539
6566 8755
8300 6853
8907 602
5890 8796
9729 1392
1791 4067
5816 2725
725 9227
7052 1735
172 1615
4239 3637
8366 8499
9142 9511
9424 3621
7303 6129
6408 7586
9643 8199
2469 5651
402 7909
1712 4840
6815 1406
1901 2321
5707 5110
5620 7460
3389 8537
7912 5706
7801 1599
7178 7412
5225 1100
4919 732
1885 370
5620 1791
2692 3996
8454 2858
9042 2623
5422 9172
6985 7570
3798 6636
3022 3053
7080 6481
478 3232
7037 6370
72 3519
3371 4560
1025 9459
1667 8796
3063 5993
5340 3228
7496 1867
4298 8019
8646 5134
9780 6367
6431 9617
1871 5700
5766 7501
2826 4873
2194 5131
1931 3908
5003 1916
2999 6116
2316 8369
6364 6852
9771 2258
9417 6286
6931 3043
7973 8804
2838 9091
2733 8022
4732 2298
3065 5154
7389 878
5882 157
7939 2236
3196 6290
9200 8281
8109 6703
8056 6809
7272 8006
2740 1354
9263 505
3613 4785
535 4503
3683 8808
4729 2755
7492 9267
8115 9006
8369 1854
9383 1871
4389 8898
6010 8880
681 7231
8951 3580
6965 1677
4055 4877
528 7368
4305 5711
1425 7193
3438 9632
5744 9998
7015 2719
2281 3385
3390 972
9340 5747
8720 4605
9778 8827
2758 5302
4794 4740
9383 4380
8428 1560
2221 6743
971 4543
2078 2174
4090 2396
5277 4055
6434 8019
2329 9460
4402 6786
6146 7405
1237 1525
6600 8447
4558 6046
7449 7996
5362 9534
40 1526
7511 5869
1037 8756
6516 3568
7039 3470
8105 4399
5289 4646
5533 8967
9468 2139
9275 7951
5631 793
752 1631
7529 266
2035 2588
11 7009
3314 2161
4945 2604
4489 1529
5905 4102
1350 6092
2711 848
6493 5005
3836 7032
1494 1559
7812 1276
2174 9726
3705 8510
7291 152
132 5629
1975 6919
2165 7826
1160 3751
6276 1463
1678 1690
5133 6022
4902 2246
6270 2181
8691 9228
138 9999
2688 7210
5753 3490
2480 6745
7248 3559
1420 1646
2293 2017
5759 7035
5152 2290
4059 4537
1380 4065
9066 9846
9830 9954
4668 439
4942 3366
8482 9943
8348 3090
6418 4842
894 3921
8108 6322
1163 8655
197 5916
5185 2162
6337 9312
6895 5986
8951 2830
7717 1195
273 9623
1106 225
4295 3534
652 990
6520 8300
4693 8209
6806 6939
6590 1350
8791 8808
2501 4546
1369 5077
1294 8377
3329 2545
8788 5353
1083 5081
7167 3909
1900 7428
9975 901
1956 207
2248 185
2684 8133
5680 8568
8474 4247
2735 6092
2079 4403
1934 480
5488 7034
4456 8582
1046 4308
9447 1262
8128 7457
8368 5900
908 8185
9287 2734
6024 2577
4179 1685
3742 8336
42 721
201 4006
753 7729
5963 6274
2458 2932
579 9058
6870 3678
6819 5241
4444 1276
9364 6108
1956 8225
862 2938
752 6568
1129 7620
4625 5090
5362 1415
9061 7483
130 6044
3287 4777
9237 4979
3974 7600
6033 9694
8083 3201
8954 4016
2466 104
6718 391
3817 8872
5675 157
5488 23
6164 5038
1703 3361
8680 3902
6878 8061
981 2332
719 3792
8515 6767
6102 7511
1391 9515
1565 8280
2187 6461
1226 9697
9303 1020
7126 2141
3879 4778
4276 5161
6438 5345
5211 7417
4455 3827
1223 3321
2230 9579
1785 2546
1731 2693
7365 7635
5145 6660
1978 8780
5870 3401
7404 5051
7591 4341
1964 1481
2582 4984
9884 660
3522 5370
2430 1494
4066 5828
6492 8412
802 4896
4262 2848
509 6625
1551 7570
1669 2290
1010 3641
2141 3246
6563 6098
9602 4240
1228 357
1056 3239
7265 2110
1506 5432
2007 699
7552 829
2752 9402
8128 483
6270 6990
2831 5799
3517 3066
4505 4585
7307 2435
567 4026
4835 8173
6750 9022
7848 999
1437 4583
6868 3267
8614 4082
8907 319
6266 5883
7859 8921
5269 6363
4430 2946
427 5224
9783 3588
480 4602
959 7728
8674 5856
9568 3813
2615 1640
4060 3951
4366 8743
916 3594
5813 2846
2885 3875
9707 5210
5878 9692
462 5761
9300 9234
2328 9225
3084 8064
8882 5063
2876 8035
621 1478
920 3811
326 8625
7831 11
5435 3300
2137 5582
2907 5301
975 359
2420 9611
2320 1817
8622 5978
1188 6120
1655 5514
4944 5285
2235 2580
7157 7982
9207 5846
3657 9649
2872 6199
5026 4825
2086 2911
29 9385
530 2983
9869 5213
3619 9265
1705 8129
2304 5425
1274 3899
5682 5234
5500 7317
186 4345
3435 4088
1110 5742
6323 7179
6875 2725
6204 5754
8946 6149
1661 7855
2664 7393
1207 547
4831 328
5221 4278
1715 1215
5600 2787
6151 2636
1228 8962
1525 5536
9732 7909
507 7066
2703 9950
7113 2573
877 1659
3112 6705
9078 8849
4346 4612
4872 3891
1571 813
6437 9367
9005 8043
2516 893
7005 1435
4825 9833
7869 3271
1589 421
3390 2798
4781 1342
7758 1892
5052 6512
7715 8013
4341 1493
8914 6349
6249 6052
3056 7303
731 4313
7204 7619
4315 3706
4400 9244
1009 2476
1584 1404
5632 8871
6782 9662
3727 9070
999 6342
8561 6858
8773 7779
9383 3860
7803 4896
1293 6468
568 8226
9363 2415
2832 2738
3471 3157
6936 1283
7133 3308
2422 9749
1097 1425
6358 9115
6510 9044
5343 4525
8514 7506
1843 6790
2451 2428
9283 9632
9546 1641
1730 9219
1654 4687
8775 5633
6732 4327
6275 7955
9372 9977
7750 613
2821 4512
6602 2356
9972 6581
635 6484
5431 3892
4400 6102
331 5535
4965 5094
4593 8054
1609 3734
7259 5257
9911 1462
3463 6671
7937 8462
6126 920
8442 2604
8303 6609
2222 8589
2846 3158
3288 944
4087 541
5904 3262
7605 8275
6503 2029
6102 8008
9732 7308
2909 7775
9615 9033
5730 5640
2679 4237
449 6333
813 2669
9375 3511
3626 3688
3387 4408
6709 8409
328 145
7767 2167
2837 9849
138 3666
4135 9967
5004 4511
6943 6168
4128 3575
7646 4950
8530 6506
120 8380
6131 9198
9728 9978
4631 4890
1771 7892
1045 5509
4529 5327
4536 4278
4895 3086
2456 8475
3937 930
9830 6620
417 8148
4843 4250
6857 6628
6361 578
9552 9372
3111 5622
7794 5873
8311 4918
2967 4813
1599 7713
2096 4237
9159 2999
5499 1463
3641 5820
3659 5031
6889 5428
6089 4269
9593 4817
7598 1929
7709 879
9561 9507
1166 7736
3187 8199
1963 6253
8680 4888
6768 885
2470 2250
3281 5614
6704 9329
7496 2346
1324 7988
5449 2897
5134 950
77 7406
4481 3430
2595 8021
1442 2120
7105 7035
6609 7029
7821 6280
76 618
8745 3267
6112 230
5279 8700
3122 293
67 4076
3707 5641
1682 6284
8246 9644
5015 2736
1069 749
7469 8524
0.5885 0.5293 0.3767 0.4552 0.8274 0.6626 0.2096 0.3807 0.8384 0.5015 0.3942 0.7144 0.2543 0.2350 0.8766 0.8429 0.8521
0.7651 0.4304 0.1156 0.2871 0.2837 0.6956 0.2074 0.2730 0.7013 0.1179 0.5830 0.5133 0.2384 0.2008 0.4003 0.6825 0.6329
0.7489 0.1306 0.4073 0.8180 0.6245 0.3095 0.7318 0.5380 0.6104 0.1398 0.5865 0.1392 0.6422 0.1885 0.6354 0.7849 0.1161
0.1395 0.6650 0.1948 0.4414 0.4639 0.4115 0.2012 0.5483 0.3070 0.4886 0.6749 0.2254 0.2683 0.6695 0.6617 0.6163 0.1076
0.3466 0.4447 0.6420 0.1827 0.6427 0.5262 0.3211 0.6101 0.5961 0.6740 0.2123 0.4431 0.7804 0.8361 0.1859 0.5190 0.6888
0.6060 0.1964 0.3315 0.1933 0.7428 0.1870 0.5077 0.2627 0.5988 0.2636 0.7373 0.3154 0.7811 0.5285 0.8971 0.2652 0.3932
0.6762 0.4356 0.3419 0.2313 0.1322 0.5490 0.5066 0.8457 0.2701 0.6637 0.8644 0.4937 0.3708 0.2921 0.1022 0.1104 0.6502
0.1729 0.8429 0.1904 0.7842 0.5703 0.6480 0.5047 0.2221 0.8777 0.1737 0.7385 0.5191 0.1614 0.6927 0.6927 0.1829 0.8411
0.3096 0.6278 0.2893 0.4741 0.3425 0.3163 0.4803 0.1410 0.1817 0.7661 0.2431 0.8160 0.1323 0.7981 0.3380 0.3950 0.7566
0.6544 0.3561 0.4489 0.7050 0.1949 0.1778 0.7973 0.7211 0.8293 0.1375 0.1079 0.7979 0.2133 0.6434 0.6301 0.2396 0.3692
0.3928 0.8327 0.4585 0.8824 0.6093 0.3197 0.8196 0.7005 0.1761 0.4052 0.7676 0.3807 0.2498 0.1932 0.4283 0.4278 0.8883
0.4739 0.3226 0.7846 0.4159 0.6651 0.7968 0.4917 0.7552 0.4454 0.6315 0.8259 0.7528 0.2366 0.1926 0.2085 0.6703 0.6950
0.1480 0.8720 0.7916 0.2305 0.1849 0.4408 0.8464 0.5839 0.4954 0.7572 0.5660 0.6557 0.4589 0.2484 0.6007 0.4110 0.7382
0.3937 0.6008 0.1236 0.8066 0.6607 0.8208 0.7869 0.6957 0.8974 0.8305 0.2070 0.4957 0.8539 0.4998 0.1925 0.8271 0.4369
0.4610 0.1376 0.1518 0.3143 0.6365 0.3574 0.1101 0.6771 0.8113 0.6553 0.5299 0.7287 0.7091 0.5723 0.6929 0.5628 0.2834
0.8829 0.6487 0.8152 0.3771 0.5252 0.5285 0.6638 0.6739 0.6064 0.1780 0.4545 0.6420 0.6952 0.3036 0.4947 0.3832 0.6437
0.6540 0.6254 0.4152 0.2217 0.7873 0.7770 0.5573 0.8307 0.6020 0.1447 0.1095 0.6270 0.8654 0.2285 0.5141 0.7953 0.4844
0.7978 0.5061 0.8122 0.2354 0.1613 0.7155 0.5027 0.3626 0.2973 0.3710 0.8947 0.3278 0.1412 0.5152 0.2824 0.5509 0.6270
0.4101 0.4303 0.7693 0.2925 0.1645 0.4760 0.4638 0.7563 0.5694 0.4670 0.1721 0.8017 0.5083 0.4662 0.3589 0.1972 0.5074
0.7104 0.6352 0.1145 0.1840 0.4304 0.4377 0.1293 0.5564 0.5498 0.1001 0.7765 0.1744 0.7486 0.5949 0.8890 0.6071 0.6222
0.3495 0.8291 0.5164 0.5606 0.2694 0.6362 0.6500 0.4737 0.8785 0.3792 0.3976 0.7760 0.1444 0.7689 0.2826 0.7916 0.4722
0.3719 0.5588 0.7286 0.6077 0.5914 0.4875 0.6870 0.6383 0.3976 0.6864 0.4707 0.1934 0.1798 0.7220 0.6397 0.2816 0.1017
0.3796 0.3909 0.7798 0.6190 0.8900 0.7552 0.3391 0.5486 0.5276 0.4062 0.6751 0.1870 0.1375 0.8347 0.2344 0.5033 0.2150
0.7732 0.6872 0.7082 0.6911 0.4352 0.1876 0.3083 0.6004 0.2604 0.2536 0.1989 0.8620 0.7981 0.4218 0.2766 0.4744 0.7754
0.7401 0.2561 0.6871 0.3768 0.1882 0.7202 0.4395 0.1380 0.8590 0.6187 0.7860 0.6506 0.5823 0.2009 0.7325 0.8305 0.4690
0.4746 0.6394 0.5827 0.8833 0.5130 0.2102 0.8895 0.5086 0.1035 0.5344 0.7031 0.1397 0.5532 0.8662 0.4545 0.7871 0.5793
0.4956 0.8572 0.5164 0.7398 0.8546 0.8456 0.2451 0.6667 0.5739 0.2422 0.6984 0.7678 0.2051 0.1848 0.4173 0.6386 0.5919
0.5965 0.8231 0.3636 0.5129 0.8220 0.4151 0.4429 0.5988 0.8503 0.6673 0.7245 0.3033 0.3241 0.4259 0.8893 0.3808 0.8950
