8 111 25
8281 3312
9383 8792
2455 2695
5375 8525
7239 1904
3365 9554
8008 1489
8361 7298
911 7429
2161 8409
6806 7484
9239 945
9155 7575
5049 356
6487 4169
49 3570
9475 1196
742 6941
5644 1044
8866 987
1130 7734
519 4703
6698 2948
2218 6887
6135 6266
7348 6184
6154 1314
8835 2178
5697 1943
2924 8802
6439 8664
2086 3648
56 372
4888 7585
8920 6948
8715 6214
3762 4055
7546 5671
2541 4516
3088 1848
527 6868
256 3943
3376 1102
1653 9731
550 7314
9794 797
4009 724
6590 7191
3839 8843
3559 924
2295 8255
4739 3836
9438 5224
9461 9796
5253 3881
4944 2347
8540 3621
6775 4923
4508 998
9121 9693
2869 6999
9107 8120
768 5642
6244 8592
5222 6821
6688 2444
4913 6167
7758 3948
3692 4927
2365 7586
944 9214
6761 6824
9130 8683
2196 6363
3978 4177
3331 5411
1295 7369
6079 1514
8775 3120
844 4398
6179 9911
9878 647
1192 3082
9626 9156
3555 7854
3422 5455
4967 251
3470 3113
1922 7846
3974 9902
3350 6498
3921 9045
5269 4637
6236 7639
8743 5886
5053 4285
5892 8401
8147 7635
1615 7692
5246 3328
6073 5126
6781 749
9216 3625
2390 265
4272 9065
9568 9488
6841 4836
2497 3214
5404 3768
6223 9335
4026 8180
9021 5530
4216 8005
8037 7550
2756 5770
2773 2293
8954 8000
3015 8882
962 8584
0.1277 0.7873 0.7936 0.1608 0.8742 0.7701 0.6474 0.1397
0.7261 0.1052 0.4378 0.2126 0.7902 0.6166 0.2895 0.1556
0.6793 0.2237 0.1074 0.2791 0.5142 0.4735 0.4057 0.1495
0.6061 0.6224 0.6462 0.8650 0.6050 0.8477 0.4958 0.6400
0.4996 0.1128 0.1054 0.5359 0.5519 0.4369 0.1097 0.1137
0.5336 0.6916 0.3250 0.5388 0.3348 0.1140 0.5114 0.7661
0.6716 0.6521 0.4527 0.7604 0.8698 0.8452 0.2468 0.1876
0.8520 0.1789 0.5295 0.2219 0.2974 0.2572 0.6077 0.5312
0.3067 0.7678 0.3903 0.3189 0.7512 0.4251 0.1647 0.4056
0.8858 0.4326 0.4760 0.5628 0.2992 0.6711 0.2850 0.3457
0.6603 0.7783 0.7945 0.1660 0.6355 0.8030 0.6323 0.7222
0.1259 0.1765 0.4320 0.4106 0.4089 0.5527 0.4899 0.1459
0.6216 0.1077 0.6757 0.2403 0.1677 0.5094 0.7924 0.4554
0.6283 0.7425 0.3713 0.5635 0.8028 0.8977 0.1781 0.8330
0.5326 0.8529 0.1348 0.2882 0.2731 0.8383 0.8111 0.6671
0.8270 0.5643 0.4895 0.3220 0.1381 0.8570 0.1609 0.6606
0.8582 0.3296 0.8367 0.5448 0.5616 0.6391 0.1269 0.2469
0.8608 0.7966 0.3576 0.1128 0.8876 0.2697 0.5808 0.2181
0.7162 0.7723 0.6838 0.7724 0.4262 0.8609 0.1630 0.3451
0.2330 0.5619 0.2969 0.5642 0.7837 0.7958 0.4187 0.6546
0.8344 0.5428 0.3717 0.4144 0.7189 0.7059 0.2146 0.7475
0.6646 0.6932 0.1642 0.5102 0.7106 0.8981 0.3833 0.1439
0.1800 0.4580 0.2901 0.7870 0.1622 0.3790 0.5957 0.7299
0.6028 0.8822 0.5879 0.4249 0.8937 0.7336 0.3673 0.1242
0.6194 0.3239 0.7418 0.4690 0.5019 0.2868 0.3914 0.5530
