8 92 31
4506 4012
3657 2286
1679 8935
1424 9674
6912 520
488 1535
3582 3811
8279 9863
434 9195
3257 8928
6873 3611
7359 9654
4557 106
2615 6924
5574 4552
2547 3527
5514 1674
1519 6224
1584 5881
5635 9891
4333 711
7527 8785
2045 6201
1291 9044
4803 5925
9459 3150
1139 750
3733 4741
1307 3814
1654 6227
4554 7428
5977 2664
6065 5820
3432 4374
1169 9980
2803 8751
4010 2677
7573 6216
4422 9125
3598 5313
916 3752
525 5168
6572 4386
1084 3456
9292 5155
3483 8179
6482 7517
2340 4339
2287 4040
9197 8830
4304 9577
7019 9560
6543 5930
8348 8085
1489 771
1796 2504
9771 1040
6304 6252
9763 7668
8669 4119
9064 188
1876 8797
4371 5573
1827 4808
7123 2591
7433 53
4315 8201
2927 8317
1743 4889
8317 9977
3258 2504
6126 2646
8837 8689
9 9813
5310 8005
319 1832
5947 5038
3923 949
3946 9295
1290 1403
7962 1133
8727 2060
2103 7787
9007 2705
4342 8645
9938 6932
3470 8835
3295 5107
6537 6118
7177 8479
7397 1982
4061 3681
1049 5539
344 9638
9075 3770
9641 3608
117 1163
1104 514
5413 1160
8423 3899
0.3281 0.6480 0.4976 0.2755 0.5417 0.2083 0.6925 0.8663
0.8228 0.5677 0.5720 0.4872 0.2990 0.7427 0.4874 0.7615
0.4334 0.2559 0.1772 0.1794 0.6398 0.4531 0.3902 0.4469
0.4367 0.4825 0.8076 0.6972 0.1443 0.6516 0.6353 0.6293
0.1806 0.1496 0.4298 0.6965 0.3779 0.7558 0.8058 0.1895
0.3036 0.2569 0.2558 0.5393 0.4675 0.2148 0.4456 0.2503
0.3281 0.4789 0.3046 0.8163 0.8563 0.1617 0.4630 0.7619
0.8056 0.8012 0.5508 0.1802 0.1414 0.6342 0.5428 0.7848
0.1120 0.8938 0.1764 0.8588 0.7173 0.7952 0.2936 0.2362
0.4329 0.4978 0.4943 0.2751 0.8083 0.4285 0.8392 0.1480
0.2348 0.4104 0.1017 0.4198 0.3172 0.8590 0.7423 0.7431
0.4727 0.3336 0.4465 0.6706 0.8842 0.6984 0.7417 0.5552
0.6422 0.6885 0.4986 0.2268 0.2555 0.3430 0.2783 0.8935
0.1479 0.5744 0.7027 0.5441 0.1499 0.7127 0.3569 0.1468
0.1410 0.5785 0.4905 0.5119 0.8531 0.7985 0.5350 0.2289
0.1465 0.8870 0.5160 0.1656 0.7974 0.2522 0.1561 0.5874
0.1556 0.6531 0.8060 0.2926 0.4307 0.1982 0.8713 0.8293
0.5666 0.3016 0.5742 0.5870 0.1325 0.6073 0.1671 0.4434
0.6385 0.5781 0.5630 0.5282 0.3591 0.8657 0.3136 0.2673
0.6486 0.6867 0.3573 0.2955 0.3175 0.4242 0.2072 0.6502
0.6287 0.3457 0.4745 0.3590 0.8610 0.7159 0.8665 0.1594
0.1076 0.4754 0.6088 0.5612 0.1819 0.1600 0.5404 0.2746
0.5144 0.3172 0.2085 0.8645 0.3859 0.8216 0.1563 0.8202
0.3001 0.4027 0.3334 0.2292 0.4589 0.7830 0.5450 0.6763
0.3478 0.6010 0.7611 0.6357 0.5333 0.1064 0.6471 0.7693
0.5543 0.3452 0.8632 0.6434 0.1848 0.8691 0.8193 0.2100
0.3166 0.1945 0.8288 0.1876 0.7081 0.5532 0.2273 0.3231
0.3308 0.5954 0.2725 0.6878 0.3808 0.2667 0.6631 0.6195
0.7987 0.3162 0.5140 0.5002 0.3057 0.8416 0.8439 0.7931
0.1416 0.1756 0.6196 0.4469 0.7794 0.3266 0.1361 0.1029
0.3732 0.7317 0.2071 0.6219 0.3145 0.2323 0.7072 0.4619
