10 106 36
2456 7433
7583 7642
9624 2724
4610 7580
6482 7925
5657 6680
959 1164
9649 9883
9847 2909
4570 245
533 7075
4660 3685
422 8559
2942 8822
3199 7419
8544 9060
4612 9862
952 6091
3637 6997
7685 4283
7875 6044
9117 7834
5795 6417
3565 5889
8526 3466
4420 6620
5778 1798
331 6367
4985 5421
6239 887
5659 2706
7374 9893
7573 4485
4123 8736
145 1087
2951 695
1536 4093
9111 7677
3242 9900
3651 5962
8244 6654
9417 763
8879 257
8171 1596
9255 2206
9781 1460
456 7989
1656 9626
2992 4062
1761 642
6507 4993
9782 130
3790 7853
528 6766
4139 1061
9810 3177
3076 2720
6658 6292
2586 8632
7748 8645
1971 5996
8748 2539
4723 6348
3235 2359
2276 4390
4396 8525
7969 1826
2853 9282
6294 416
9454 8594
5491 7504
5642 5334
9346 8301
9287 2791
2138 7257
9558 6164
9300 7662
6926 7040
7603 6460
2000 963
5622 6538
795 9847
1275 870
8843 7169
214 7443
1897 7900
5431 2352
9643 3805
6243 2250
3637 8323
9801 7345
7771 9423
4866 7453
1744 9569
1375 9914
6789 790
9759 9167
3881 961
5925 3439
7057 1530
5348 4684
5813 8449
9357 9068
1780 5392
4096 2032
5808 319
6400 1499
460 3841
850 3572
4466 2284
3961 1715
4920 5819
7659 8146
290 1003
3553 5732
971 7533
0.8741 0.3532 0.1779 0.6479 0.8215 0.2388 0.1577 0.7751 0.6365 0.7569
0.6850 0.2452 0.7614 0.5924 0.7102 0.8096 0.3671 0.3323 0.6284 0.3449
0.7479 0.7513 0.2846 0.1958 0.4417 0.2757 0.1303 0.1401 0.5271 0.1203
0.4322 0.3111 0.7755 0.1989 0.2030 0.5078 0.5027 0.6733 0.1435 0.1377
0.7136 0.6417 0.7361 0.2426 0.6398 0.8522 0.4629 0.3992 0.4854 0.2605
0.4053 0.8251 0.3706 0.6099 0.5011 0.7994 0.6782 0.5239 0.7663 0.8941
0.5535 0.1223 0.2142 0.4491 0.8718 0.2201 0.4991 0.4998 0.4019 0.8053
0.3273 0.3796 0.4606 0.8046 0.4234 0.5143 0.4805 0.4802 0.4143 0.1686
0.2365 0.8715 0.6928 0.5885 0.1159 0.2504 0.5800 0.8348 0.7987 0.5409
0.3352 0.8537 0.5568 0.8722 0.7932 0.8608 0.1629 0.6211 0.8078 0.4098
0.1108 0.3185 0.5212 0.6573 0.6558 0.6950 0.4892 0.2357 0.5242 0.8104
0.3984 0.4587 0.4568 0.3829 0.6396 0.5879 0.1042 0.4618 0.2291 0.1561
0.5038 0.6937 0.1693 0.8375 0.1367 0.4656 0.3726 0.2657 0.6328 0.1595
0.8119 0.4536 0.5248 0.4031 0.4229 0.7684 0.5988 0.7682 0.2943 0.4532
0.3448 0.8867 0.5246 0.3176 0.1808 0.4723 0.4339 0.7962 0.1455 0.6763
0.1135 0.5950 0.4484 0.8692 0.5128 0.7213 0.3668 0.1686 0.1510 0.3469
0.5276 0.1576 0.7529 0.6692 0.7745 0.1761 0.6207 0.3604 0.2128 0.3042
0.6222 0.3390 0.6093 0.8849 0.3680 0.2033 0.7646 0.7393 0.7047 0.8261
0.2698 0.4889 0.6581 0.7478 0.1496 0.1012 0.3999 0.7087 0.3726 0.1614
0.2421 0.3350 0.6437 0.1385 0.1636 0.6931 0.5235 0.1546 0.5764 0.2251
0.8155 0.3943 0.2312 0.5989 0.2016 0.5667 0.6135 0.5248 0.6114 0.8641
0.6147 0.8882 0.1702 0.5260 0.8340 0.6684 0.6699 0.1569 0.1793 0.1252
0.8380 0.3451 0.7769 0.2981 0.3590 0.2758 0.1588 0.7442 0.4306 0.8463
0.3048 0.5000 0.3972 0.1205 0.1884 0.7584 0.2431 0.7008 0.8359 0.1963
0.2212 0.1317 0.8445 0.3312 0.7589 0.4971 0.7602 0.2250 0.8029 0.4950
0.4859 0.6048 0.1447 0.5348 0.1079 0.7397 0.2021 0.2464 0.5863 0.3259
0.5330 0.4840 0.4851 0.4481 0.6371 0.1982 0.4853 0.8730 0.4969 0.3545
0.5704 0.3581 0.7717 0.5291 0.7960 0.7112 0.8168 0.6388 0.8354 0.5921
0.6196 0.4675 0.6143 0.3285 0.1413 0.6432 0.2234 0.6009 0.6003 0.1330
0.5508 0.4156 0.7367 0.1330 0.5881 0.8562 0.3819 0.2676 0.4514 0.3846
0.5390 0.1521 0.4835 0.7559 0.2392 0.2355 0.7904 0.3590 0.6439 0.5443
0.1505 0.3756 0.8571 0.5760 0.5160 0.4676 0.4211 0.5021 0.3342 0.3845
0.7283 0.2882 0.8067 0.1598 0.8375 0.3872 0.8840 0.2605 0.4335 0.8038
0.3606 0.3381 0.8930 0.3686 0.6386 0.2129 0.3326 0.6062 0.3731 0.7497
0.4727 0.1521 0.7121 0.8089 0.7880 0.2777 0.2081 0.1898 0.5349 0.7922
0.6406 0.5114 0.6815 0.8150 0.1859 0.8284 0.4635 0.2069 0.2063 0.7901
