15 438 18
7989 7466
4276 3048
8127 4401
6019 365
3441 3910
8348 2903
5631 1261
3824 404
1331 692
2468 7477
4765 5766
2981 8955
9689 2302
8030 606
7087 3171
5293 4172
5238 907
2049 6575
1917 171
8704 2704
5212 3421
3092 1071
3164 9454
733 7852
246 5171
6608 4596
6782 8157
432 7101
6145 8294
898 4744
3136 2095
2097 6184
8148 1234
8459 7147
9924 7556
7380 2314
7092 8625
3975 3320
4499 1290
6007 1078
7591 3048
8512 8461
2063 1658
5967 6095
5181 8516
2917 4841
4322 4219
4126 9555
4839 334
9330 1383
8293 3459
9440 3785
7077 4053
2340 9516
4303 2342
6889 2922
1070 4645
2131 2869
9684 2440
1941 6411
926 9648
3385 1388
3461 202
6153 5374
2528 4231
8681 6019
9222 1940
4257 793
2494 5179
1162 9220
7775 799
9477 8789
4260 1531
9909 7861
4262 6963
2893 2973
3947 9363
5918 7681
6282 7926
1928 9579
3592 6889
6539 6555
596 2997
6971 7788
8959 7917
5653 2975
8806 2498
2832 7846
2558 4340
79 1233
2247 2159
8244 5110
7997 5082
2273 8690
7679 5289
9294 2573
5990 9441
628 7207
8268 3023
9217 3510
5335 5132
2673 2120
9294 8692
3793 9896
5188 343
9216 1096
9843 6010
5273 8858
9654 9750
187 8831
4081 5363
5480 6812
8298 6423
1285 9064
2597 2973
951 2960
9765 5482
6691 125
8444 4099
5827 9128
2340 5012
2516 6668
1603 2211
3653 1066
9937 1241
236 5419
9006 13
4421 1721
2870 3822
4671 725
3214 1231
883 863
2510 7743
5532 3478
9088 7154
6828 9133
8862 5256
729 2938
8678 5058
4209 1021
9173 4829
4859 5543
1634 7411
7564 5322
849 7262
215 3559
4265 7785
3291 5772
5917 3870
7144 5330
5555 4483
2761 1760
8693 3770
6189 7408
1633 3541
8089 7903
7294 9427
6688 9862
9277 5231
5942 299
7297 1210
5162 826
2045 6428
5628 3638
9217 8310
6590 7389
7514 4968
8586 3096
1010 9101
3562 4615
5873 4428
1002 1196
1053 1871
45 5635
8756 9136
2036 3296
4512 6451
9874 3598
3603 9507
3125 5014
3963 2986
9698 752
8171 2423
8764 2269
6072 4266
9637 4411
1024 2669
5245 7224
6294 8369
6603 1227
7283 2125
8353 5079
1464 9232
6423 5277
8266 866
2728 8100
6851 6799
8221 7759
8090 6167
1485 615
8602 7210
5298 2084
9127 9540
326 9337
4345 4948
5844 9523
736 230
2264 9766
871 4543
5760 9331
2194 1455
5431 2926
8992 962
1675 814
9910 6992
1110 9795
8092 6524
7148 704
421 1583
1093 3216
9547 9940
7402 5199
831 6755
1429 2633
8002 6066
611 2431
1772 251
9056 8413
665 1316
5341 8206
5598 4818
955 2568
3638 7692
6323 7709
158 8724
4474 606
6238 439
3029 1370
322 3565
9374 442
8281 2265
142 3157
4972 2191
5365 2841
1643 6943
644 9686
4238 9854
8800 4762
1294 2713
8350 7563
2822 9779
5609 4918
2414 4610
1696 1853
8890 1383
5628 1483
1997 6227
1263 8449
6295 1251
455 4437
3611 6451
9576 1879
6084 6496
7352 4618
1992 8331
5744 6730
9233 6352
3647 3016
6962 9178
3822 9060
8425 3870
2269 3053
3472 439
9383 671
1281 1734
901 5025
9029 3353
7199 4813
4019 3877
9673 4315
6818 6142
7528 6126
7921 5982
2014 30
620 4321
9450 7154
1869 8712
666 7671
9191 7353
5894 5277
6253 4451
4992 2498
1049 4237
7893 3142
7058 947
1970 619
1785 421
4003 9677
8153 9028
5750 5862
8622 2910
830 3071
5294 1932
3684 682
7108 8292
8798 9894
7044 3483
1928 6081
50 7074
1752 1279
7061 4488
133 497
1512 2055
3475 1823
7660 1510
2408 8993
6537 1626
2584 2312
5725 3513
2555 546
4429 8169
1550 984
1457 5243
731 9148
4118 2707
5351 450
7227 2685
4216 8555
6350 5933
2575 5468
632 2289
9342 4
5042 6021
7462 5559
6128 7177
5505 2360
6911 7017
2265 7575
4485 5952
7763 5038
8519 5285
1239 8572
2975 2255
9574 8244
5368 5331
826 3822
5049 6732
748 826
1556 2352
8467 6612
891 5162
3688 5699
1620 7838
8733 3664
3660 7080
5494 9551
4280 3666
1629 8990
7842 3324
8880 1810
3617 3205
1518 3548
6591 2284
6596 7033
3374 7413
5061 8450
6789 8524
379 6135
7835 1051
1797 7647
7162 6227
2176 9308
9278 5674
7171 41
4967 2072
757 7599
4876 996
443 1483
6228 592
5774 5268
8911 3073
5138 2355
3771 7133
8631 6897
9423 8467
4047 6510
364 8283
1793 8629
8337 3163
9744 6
1905 1768
3080 9723
273 6304
2437 7622
6460 7670
4165 5579
4767 1453
8975 7378
7433 6873
1449 7723
9569 7783
6896 1732
7960 5281
7605 7728
5120 8950
3015 284
2204 2459
7885 5820
9800 9261
3672 114
5568 80
6195 6704
1112 633
5542 9152
3302 8721
7286 1430
2425 2788
5091 3089
5783 4579
9835 5201
9770 1053
3523 7302
7348 3733
4642 4081
30 3900
6766 2561
8084 4233
6475 4312
1056 6248
6519 5567
9631 3208
4098 6988
7371 1999
9319 4253
101 5127
3871 1093
5054 5173
5816 8634
7337 4332
7526 3747
6706 6171
9990 2831
6427 7458
4888 9086
3675 9741
5439 1491
4881 8464
3337 7930
404 9191
2047 9281
7795 8376
9212 1756
855 1713
0.2464 0.4318 0.5516 0.8624 0.7418 0.4122 0.1283 0.7538 0.8313 0.8274 0.8435 0.7924 0.1335 0.3354 0.6917
0.2198 0.6826 0.4059 0.3439 0.3155 0.5629 0.3461 0.2470 0.5303 0.4498 0.6059 0.8388 0.1870 0.4423 0.3187
0.5032 0.8048 0.3680 0.6490 0.6598 0.3775 0.5128 0.7881 0.4154 0.1006 0.5350 0.2636 0.6118 0.7572 0.8624
0.8242 0.3472 0.4476 0.2541 0.4539 0.2973 0.6798 0.3067 0.7029 0.5374 0.2745 0.1986 0.2596 0.2495 0.3915
0.4694 0.5234 0.1063 0.4784 0.4167 0.2318 0.8328 0.5926 0.3287 0.4444 0.5808 0.5336 0.6530 0.6311 0.6708
0.1790 0.8887 0.3201 0.5192 0.5453 0.2622 0.2275 0.7002 0.7013 0.2158 0.2047 0.4516 0.8627 0.1447 0.2507
0.2736 0.7089 0.3297 0.4937 0.5949 0.3062 0.8281 0.7129 0.1607 0.6631 0.8810 0.3599 0.5364 0.3348 0.4411
0.1256 0.4521 0.3452 0.1751 0.1010 0.3434 0.4009 0.5011 0.6875 0.5240 0.5360 0.4561 0.2954 0.5762 0.8894
0.8873 0.8260 0.1385 0.6049 0.5414 0.3204 0.2446 0.4135 0.7420 0.1606 0.2766 0.7103 0.6774 0.6192 0.3229
0.6652 0.8163 0.6414 0.4095 0.4865 0.8768 0.5092 0.6534 0.4012 0.8090 0.3354 0.8342 0.1626 0.2883 0.5870
0.6379 0.5629 0.6132 0.8501 0.4178 0.4535 0.4723 0.2968 0.1602 0.3177 0.4959 0.8464 0.5073 0.6764 0.5820
0.3007 0.8158 0.4779 0.5605 0.4996 0.6487 0.4820 0.7961 0.1144 0.7863 0.1978 0.2258 0.7757 0.4424 0.4219
0.3303 0.6856 0.6408 0.7598 0.5106 0.1773 0.8561 0.1430 0.7748 0.8310 0.7141 0.5357 0.4173 0.7741 0.3823
0.2051 0.8729 0.5324 0.6736 0.5601 0.2728 0.1805 0.1021 0.6295 0.2155 0.3123 0.5550 0.6096 0.8652 0.2275
0.4863 0.6655 0.2062 0.5687 0.2426 0.7050 0.4860 0.6267 0.6705 0.7451 0.1269 0.1030 0.1570 0.1776 0.8354
0.4298 0.5086 0.4345 0.7506 0.5022 0.8714 0.5971 0.3140 0.3769 0.1342 0.3369 0.6602 0.3333 0.2107 0.3684
0.6060 0.5103 0.7868 0.8480 0.4602 0.2668 0.4069 0.7526 0.5042 0.6658 0.2609 0.4476 0.8522 0.5891 0.5297
0.6414 0.7265 0.7940 0.7995 0.1476 0.5394 0.5670 0.1039 0.4626 0.6625 0.3295 0.5074 0.8168 0.7403 0.3251
