13 273 44
9915 5617
3410 1826
213 4197
6711 9060
3335 577
3306 4528
3821 2717
3503 4870
8015 9682
6689 9719
1626 9230
8909 2051
3605 745
7920 4668
3920 4807
8479 9946
1229 9634
3870 7490
9401 5636
9881 9145
217 81
8898 4742
6831 9862
4480 6558
4188 5325
1375 8313
9843 1905
6667 1346
1037 2379
9398 3959
8982 8423
3262 6612
7957 1722
1387 2933
7569 97
4656 5488
9981 2923
667 9037
2201 1353
5364 2660
5267 4315
383 1920
4890 9424
9401 7554
4205 6882
8779 7719
283 3242
847 6040
9057 2873
9379 6741
349 2924
8722 4163
8129 1931
6107 8188
8220 8009
5723 5359
4199 1208
8541 8430
9807 8929
3883 3828
4123 4048
4583 9353
5188 1095
2585 3980
6171 2638
1039 9055
5533 9056
897 8266
2869 9624
4333 902
2458 825
8503 2797
4130 3836
4103 9173
4007 1466
5051 5600
2081 4117
3322 9744
3192 2740
7771 296
7038 3055
9301 2407
4357 8115
4750 1614
8059 4303
6741 5998
2678 4993
9340 7980
87 1453
3745 4021
3772 3867
5489 3182
9235 4271
7447 5072
5355 1755
9380 3300
5831 1514
1254 4274
8655 6118
2622 7233
6541 6358
7634 9402
8731 9831
1563 6789
8262 412
3075 6500
3958 9959
4592 5230
6151 6470
993 8379
8914 9545
1161 1251
5570 659
2032 5994
7750 693
4950 2387
5088 8254
5234 5989
436 4643
4772 7587
2981 5265
2829 857
4071 7190
8893 8647
2870 1965
3776 5116
3632 2887
43 9769
352 8796
5457 4589
2213 9681
834 8907
4937 694
7481 6696
8497 9545
1903 6258
9515 4401
7974 4994
9807 4180
7593 2697
428 118
1298 8511
7291 1766
3976 916
3510 6167
2476 3387
3727 6401
2159 1565
1419 1495
7431 1308
7344 9388
9908 799
8624 6276
311 9598
1789 868
1828 8786
5331 3610
8583 7548
6548 1332
2471 9249
6962 9693
7386 4864
1449 8657
9911 4045
3516 2630
1831 4859
2414 9499
6922 3149
7341 5152
9061 332
9210 3957
129 8764
1842 2586
8444 2925
5839 7695
2629 1848
2381 3332
747 1347
5378 9641
3372 996
6372 2739
5854 6045
8239 6431
5083 460
869 7494
8652 4574
5288 6614
9330 1747
6925 111
2345 2315
4864 5184
8224 9259
4117 4236
1335 1176
6731 7620
4887 8672
9998 1966
7413 7884
4157 9879
7061 8122
2520 3882
8871 4874
1076 932
6236 3142
2170 253
4338 2716
1784 3324
7862 6946
10 1093
832 7892
889 2255
7024 1411
477 8119
8272 8262
1031 8104
3881 1579
4234 229
8280 5191
8605 5205
3115 2201
6316 1200
3939 8861
3890 2031
7969 3921
7766 1854
8454 1799
7384 6906
2682 3869
9938 9281
8629 3224
3315 1224
3792 4810
6621 1456
8439 7689
1081 2066
2048 6938
9726 2190
7518 554
3259 3399
6748 2095
1664 5773
5104 9194
3987 9073
84 413
4725 5238
2442 6171
1913 1902
9175 1082
4670 1413
6641 6027
6364 8226
7690 3440
5334 2817
4000 7709
5019 579
9922 8730
2498 3718
4571 9148
4223 7540
5027 7557
8652 4045
6964 5323
587 3825
9449 5206
9580 1708
99 5032
474 3725
3015 423
1228 3853
329 6888
9017 5618
8592 2256
3099 1041
9881 7742
1151 8275
1180 4036
1483 8341
5635 8008
1868 3761
334 6647
894 2638
7732 9860
5132 3149
7920 3111
9211 7405
2037 9708
0.4833 0.1911 0.5531 0.1500 0.7951 0.8556 0.7264 0.1744 0.7372 0.1838 0.5370 0.4612 0.6681
0.5658 0.4607 0.8633 0.8710 0.2811 0.2973 0.8345 0.4586 0.3498 0.2215 0.3829 0.2480 0.1220
0.1383 0.1022 0.4289 0.4213 0.1851 0.2846 0.4819 0.5451 0.1407 0.3665 0.8324 0.1707 0.1242
0.2666 0.2945 0.4649 0.1527 0.5795 0.6023 0.1596 0.4697 0.8718 0.7795 0.8404 0.1420 0.8184
0.4088 0.3917 0.4721 0.5363 0.5226 0.7467 0.4430 0.4579 0.8731 0.2603 0.7453 0.2184 0.7892
0.4607 0.1585 0.5012 0.2522 0.4819 0.6503 0.5109 0.1857 0.4434 0.6895 0.3365 0.3338 0.5443
0.7100 0.8981 0.3548 0.7985 0.4964 0.5507 0.4837 0.1239 0.1326 0.6262 0.4429 0.8915 0.6483
0.6080 0.2000 0.5008 0.2160 0.8261 0.6776 0.5560 0.6561 0.6261 0.4420 0.7060 0.3790 0.2407
0.1984 0.8007 0.2494 0.6603 0.5862 0.7952 0.4448 0.3721 0.3007 0.3438 0.7073 0.3701 0.1201
0.6694 0.4149 0.7002 0.1444 0.3840 0.2253 0.4435 0.1237 0.7810 0.5322 0.6244 0.7401 0.3987
0.5761 0.6999 0.4862 0.7923 0.5850 0.5165 0.5244 0.3608 0.5038 0.7489 0.5836 0.1758 0.5496
0.8848 0.4394 0.7405 0.7326 0.5777 0.3019 0.3291 0.8358 0.1344 0.5958 0.7892 0.3166 0.6418
0.8776 0.6168 0.3139 0.4473 0.8403 0.7235 0.8280 0.6005 0.2139 0.5901 0.3138 0.5635 0.1016
0.6943 0.8433 0.3689 0.3344 0.1262 0.6450 0.7655 0.6099 0.1443 0.1578 0.3116 0.2049 0.8534
0.3538 0.8376 0.2680 0.4222 0.3896 0.4787 0.2225 0.2328 0.8442 0.1960 0.1470 0.7649 0.2439
0.7365 0.7810 0.8042 0.1365 0.7063 0.3331 0.8967 0.2403 0.2170 0.4856 0.4653 0.7396 0.6368
0.4699 0.2719 0.1784 0.5412 0.8731 0.6029 0.8134 0.3627 0.6198 0.6446 0.8038 0.3604 0.2490
0.8334 0.2846 0.2000 0.4818 0.8881 0.6914 0.6142 0.2824 0.4428 0.4870 0.5782 0.5566 0.7084
0.8173 0.3585 0.2242 0.3528 0.3297 0.5304 0.4302 0.8979 0.1920 0.6199 0.7332 0.7975 0.2434
0.5567 0.6063 0.1310 0.4786 0.2073 0.3111 0.6796 0.2677 0.6801 0.1702 0.5763 0.8802 0.7171
0.7224 0.5822 0.3160 0.8902 0.8458 0.4871 0.3510 0.4966 0.3610 0.7285 0.5891 0.1813 0.1274
0.8236 0.6265 0.8992 0.4076 0.5642 0.8337 0.1323 0.1238 0.5462 0.7729 0.5910 0.3606 0.4256
0.5358 0.1235 0.1715 0.3974 0.1340 0.6813 0.8874 0.1335 0.7967 0.2372 0.5391 0.4613 0.1015
0.6387 0.4049 0.6908 0.2534 0.1511 0.8922 0.2656 0.8519 0.8517 0.3061 0.8060 0.8365 0.7379
0.6637 0.6116 0.2674 0.1464 0.4844 0.5618 0.8138 0.1385 0.1665 0.3609 0.4548 0.1312 0.7425
0.2950 0.4617 0.7768 0.3763 0.7736 0.3701 0.1832 0.4847 0.2261 0.1069 0.6354 0.5080 0.7300
0.3527 0.4917 0.2169 0.6633 0.4148 0.5978 0.1663 0.2524 0.1173 0.5414 0.4513 0.3247 0.8328
0.4809 0.1916 0.7450 0.8271 0.8225 0.5110 0.2666 0.7689 0.7897 0.5908 0.6145 0.1910 0.6195
0.4941 0.5864 0.8140 0.4233 0.5024 0.2438 0.3740 0.3350 0.2452 0.2511 0.6233 0.1931 0.8489
0.4379 0.8425 0.6320 0.4987 0.8868 0.1529 0.6652 0.4022 0.6650 0.6931 0.6573 0.6139 0.2985
0.1535 0.6932 0.4805 0.7571 0.7977 0.3490 0.2642 0.3872 0.8398 0.5505 0.7521 0.1054 0.7054
0.4084 0.8428 0.6990 0.4683 0.2320 0.2430 0.2992 0.7693 0.7773 0.4255 0.6122 0.1570 0.1940
0.7601 0.3719 0.1860 0.7727 0.8737 0.1054 0.6926 0.3211 0.7096 0.3487 0.1542 0.8758 0.2938
0.5378 0.8379 0.7060 0.4844 0.2573 0.6068 0.5780 0.3183 0.3054 0.6216 0.2701 0.3483 0.8753
0.3275 0.5895 0.4283 0.4020 0.4553 0.6844 0.4680 0.3205 0.4750 0.5823 0.7786 0.5979 0.1265
0.2137 0.6592 0.8293 0.3766 0.2688 0.2497 0.3560 0.1896 0.5487 0.2797 0.2208 0.7621 0.6485
0.8019 0.4147 0.6621 0.2504 0.8513 0.1492 0.6630 0.8837 0.5230 0.3685 0.7912 0.6516 0.7448
0.3733 0.1117 0.8147 0.8226 0.6031 0.4226 0.6284 0.5860 0.1869 0.6542 0.7887 0.6559 0.6045
0.5185 0.4709 0.3088 0.1540 0.1457 0.6337 0.5215 0.2840 0.4617 0.4415 0.5619 0.7939 0.4381
0.1286 0.6081 0.2658 0.7564 0.8063 0.3339 0.2175 0.2917 0.2403 0.3608 0.6857 0.4796 0.1393
0.6153 0.7659 0.8144 0.3671 0.1349 0.3399 0.7061 0.3360 0.6348 0.3752 0.8242 0.4249 0.6061
0.2147 0.4296 0.6890 0.4731 0.3907 0.3209 0.8569 0.4142 0.3663 0.3079 0.1155 0.7102 0.8332
0.2813 0.6412 0.1828 0.3348 0.1311 0.8867 0.8067 0.5033 0.8447 0.3455 0.5551 0.3667 0.1210
0.3065 0.3770 0.1167 0.1814 0.4318 0.7420 0.4950 0.2114 0.1235 0.3395 0.4269 0.7337 0.7056
