12 275 18
6489 7845
2539 1476
1089 324
6579 9001
4741 964
3636 8525
8792 5902
4533 2828
1739 4288
3512 420
4264 4452
3169 2700
5076 4745
6101 1420
9926 5528
6355 8289
4077 2912
4052 7759
4587 1463
8972 4919
118 4783
9377 5107
8329 3196
6782 6942
9812 4721
7062 7395
2643 3821
4998 4254
708 1328
758 7580
4594 8501
8759 7720
5617 2376
3204 1088
6763 3320
7227 4526
3009 5829
7142 9646
5253 9150
3255 5300
1654 1009
3749 4546
9538 3889
2001 5424
2908 4766
7520 420
701 5850
1353 4680
5359 297
5288 4734
5270 2505
6724 1273
4807 3136
7276 4784
2235 4096
6252 9810
2603 5428
9389 153
5952 733
7451 2778
5983 5942
4756 9362
1590 7197
3395 6946
3406 1861
972 1019
905 2763
9757 2451
9937 669
8949 8039
9546 4080
5266 582
2003 8671
4798 6706
3281 7827
3305 3962
7189 6727
8059 604
3589 6901
7266 4072
7009 3534
8168 3075
518 603
4167 4151
3971 8612
3408 3792
6834 4287
2321 5325
840 5153
9262 1914
9334 6602
663 8098
6348 1522
9376 2710
5514 4853
7720 5161
6881 8651
3526 4395
5546 6425
8132 1218
4588 3133
729 6468
2091 4414
7611 9325
7736 6614
6397 3580
53 3460
2568 214
9994 4216
1898 6484
6243 3642
9021 874
3304 2652
9966 5417
9213 7725
8624 7203
432 1294
560 9740
1850 8009
9188 4209
9963 2273
1305 8568
5683 1224
1394 8902
7434 6244
3364 5098
6367 3828
7973 6554
1558 1264
1875 5994
8396 7109
6813 7278
1096 3208
4952 7842
6921 1936
9147 2742
6088 2667
2889 2446
5350 8097
5547 4237
8877 79
2764 91
5108 1981
8928 1815
7970 9846
7933 8623
4021 6736
4807 5845
3755 2955
27 867
9986 5132
8914 7651
9311 5007
8301 7221
7242 6419
9782 5933
5571 2183
7100 1352
6094 3235
9436 5741
6595 2943
5400 6093
5352 2861
4924 379
9892 329
8584 1453
5882 1612
2596 2988
9571 8114
9402 1259
1914 2818
7850 3640
4962 6653
9814 3890
8025 3622
5073 6023
3774 5351
8801 8679
7403 6557
8294 6564
5130 4649
9635 215
4117 3012
8850 7512
9193 5968
6622 6367
457 2556
8377 1109
7507 5691
1496 4225
7812 9889
1086 2436
3905 1131
4902 2173
768 2675
6519 9532
8964 8822
4298 303
8591 4020
2580 1585
3366 520
5185 1342
1003 4735
9989 2823
2444 6798
2129 1332
42 9049
2552 8233
6748 2526
3523 4884
7932 8316
1110 6159
2753 2677
4195 8435
6411 8803
6337 1014
6931 459
4564 311
4980 2498
1406 2566
1899 9983
251 3801
3789 9068
141 7810
8720 3032
5508 2827
8688 9621
3079 1755
7780 5845
4999 6773
9832 609
3473 4188
9485 9683
5556 1364
3867 5177
1696 626
9907 5281
8635 7801
5784 1335
2902 707
8160 8505
8939 9795
4093 638
3290 1168
5511 9858
2258 5055
1913 8315
8344 14
1171 3704
561 172
7832 2373
3492 5895
4083 5651
4884 6364
9909 6596
557 2832
6755 8088
1047 8366
8338 4895
9172 4634
3401 7166
3517 294
7841 7163
4521 5428
6670 6710
5262 3443
4194 4581
8374 1419
492 6603
4318 9976
4704 2169
2719 1509
3540 8179
1868 5578
130 7464
9340 3337
4000 8504
1561 1867
5178 4859
9293 9534
2470 1240
2937 445
2966 3377
4307 571
9726 5315
5376 9941
5968 2660
0.2407 0.7188 0.2761 0.1405 0.8832 0.1437 0.8794 0.2315 0.6604 0.8698 0.8608 0.1470
0.6514 0.8401 0.3145 0.6769 0.8545 0.6472 0.6491 0.7906 0.5045 0.1853 0.7937 0.2634
0.7535 0.2128 0.4213 0.4922 0.5926 0.5474 0.5062 0.5428 0.3651 0.3967 0.4522 0.7092
0.4324 0.7868 0.1296 0.7213 0.8525 0.1310 0.2484 0.2252 0.3934 0.2796 0.3430 0.2951
0.3979 0.5700 0.8088 0.2593 0.8692 0.6117 0.6549 0.3818 0.4143 0.3979 0.5387 0.6800
0.1916 0.8736 0.2839 0.2561 0.3852 0.2515 0.5378 0.2741 0.1173 0.1220 0.1964 0.2565
0.3431 0.7761 0.6652 0.6990 0.3634 0.8687 0.5432 0.5074 0.8710 0.1338 0.8787 0.3508
0.7556 0.6891 0.7571 0.4218 0.2341 0.2143 0.4077 0.6057 0.4799 0.3872 0.3915 0.1047
0.4656 0.6717 0.2116 0.4665 0.1243 0.7089 0.7420 0.8559 0.6998 0.6867 0.4427 0.2732
0.1941 0.3707 0.3420 0.5895 0.5573 0.1445 0.8329 0.1642 0.4945 0.2321 0.8976 0.6533
0.5317 0.1500 0.2483 0.7840 0.6038 0.2974 0.5915 0.3725 0.5908 0.1160 0.6936 0.6414
0.1187 0.4135 0.4579 0.2895 0.7556 0.5794 0.2132 0.6092 0.1349 0.2097 0.2498 0.5957
0.3339 0.2912 0.4564 0.7061 0.3575 0.5431 0.6197 0.4046 0.2393 0.6979 0.3830 0.8604
0.6535 0.7854 0.5459 0.6401 0.8853 0.5689 0.8669 0.3825 0.3113 0.5889 0.3744 0.8906
0.5404 0.1263 0.5457 0.2246 0.3996 0.5674 0.8067 0.7990 0.2613 0.5049 0.4859 0.7788
0.1978 0.1605 0.8234 0.6141 0.5879 0.2606 0.2302 0.2173 0.5514 0.6825 0.2145 0.5889
0.7865 0.1421 0.5412 0.7717 0.3836 0.8161 0.8690 0.1659 0.6809 0.8714 0.1385 0.7430
0.7853 0.5952 0.2222 0.5454 0.2441 0.3155 0.6119 0.1469 0.3418 0.4894 0.8229 0.8093
