12 457 23
8480 4615
2970 4200
3162 2222
1233 1254
8132 9595
144 6904
8034 174
5326 2912
8023 7639
6330 5996
1690 2022
1524 5514
5397 745
184 2567
230 5712
1809 4839
1520 3203
8698 9075
946 6621
1718 4512
9657 538
3367 4014
1807 5365
2404 2922
7058 391
9242 11
2553 9200
6555 6627
7807 9361
8913 7345
4339 6321
7789 6215
7237 7717
5711 9680
400 7263
9098 7271
8074 9799
2 4285
6051 2888
4660 2520
6379 9528
7258 336
507 9100
6573 5126
3442 7467
4636 5723
3463 9439
6943 1846
8660 3045
4488 3273
8949 2519
7775 9068
8660 7069
2661 9041
8141 5406
5018 6840
4034 3235
4352 847
8805 2036
3327 5163
5186 3430
8837 1784
9957 1228
2628 1817
3559 789
595 52
2774 2050
2178 5535
4165 2940
9363 2561
661 4374
5578 9802
8415 8980
6066 855
6897 902
6251 659
3296 2600
497 8462
6842 3453
5991 3817
3870 8955
7861 9227
783 70
9728 5417
132 7435
9457 6975
5151 5485
2921 3960
5552 4089
9376 6319
9531 7590
9792 1747
136 9592
889 1433
939 49
1410 874
2973 2079
8756 4265
5440 3606
8397 788
5207 6744
9535 300
7720 7240
4032 1438
2182 568
8944 3429
370 705
3683 1868
738 3900
5961 7946
8152 3661
1275 876
1325 1739
7576 4972
9647 5884
9688 4441
6391 2474
5381 3340
5907 6484
3230 9086
3042 4026
444 5616
7632 2525
8824 4054
4100 9342
7593 7901
2860 6632
1657 5091
2712 2138
4816 2109
1927 1987
6727 8305
832 3409
4032 4027
681 9865
3779 4980
7671 3046
6733 3312
3298 7986
1301 1509
376 4067
1164 6279
4809 1861
579 4860
1719 237
3267 2207
1954 5685
1138 872
273 6717
9178 3448
4217 9597
9292 2905
9239 7027
9495 1876
7754 1596
3895 6950
1075 6502
6867 7336
3772 4678
7675 6364
7890 4520
9467 2841
6223 3745
591 537
9071 2961
2390 6298
7183 8014
424 7756
7691 3735
4092 2846
6804 6043
4122 3500
9972 1957
4235 4032
752 5313
5352 5069
8460 9612
7665 634
5493 6805
7995 8065
7392 4172
90 1047
7579 4545
8905 2165
551 9871
2581 2827
7673 9897
8052 963
7976 9989
2888 1624
7044 2159
9197 2549
2127 9255
5907 6901
4038 933
8911 5606
3814 8602
3354 9341
5864 8494
2734 4785
3156 8080
2265 8045
987 6966
9524 9518
5861 5923
850 3910
8406 7694
7183 8890
2742 5621
6839 1024
4463 2778
8696 5448
4002 8905
6363 842
3291 1537
7296 8693
7580 760
2811 4078
5482 9213
4677 3072
9634 6264
2069 7507
3462 4428
8662 6926
8924 8640
7868 3656
3618 6010
8271 6445
7168 4399
8593 1293
8566 5520
5388 2373
5334 4786
5875 7796
6699 5351
3910 6136
7831 8025
289 202
7734 4649
9982 8878
2524 7212
9372 1732
3832 7532
7891 482
7447 2347
2294 2762
8927 4645
9090 2496
1027 9383
1262 7696
1956 1010
7561 5538
4031 4473
7445 928
1918 1133
9588 6049
717 2665
2892 4415
3258 4621
2826 2459
3690 4465
9215 1635
8689 2392
5620 40
9842 6508
1609 3887
6712 5828
5762 3098
5791 1158
9825 6728
6820 2187
3723 1061
746 4287
5338 2783
6960 3367
2143 8308
6486 3402
6550 8391
8618 701
7401 4512
9477 618
1923 3862
2789 1207
6400 8858
1171 7468
9161 5735
5952 8095
1230 258
7411 6659
9237 4510
2571 3136
7616 5306
837 5051
8520 504
4349 8975
4571 7163
7241 3307
1758 6642
8928 7829
3992 6388
2223 6549
5829 6129
326 4814
4412 5674
8254 3729
8328 7775
4458 5518
7738 7703
3773 3843
344 4226
1907 7977
3790 8894
1859 3511
6713 4116
9788 794
9434 2981
9447 4841
7357 2860
2687 9434
1463 8940
3734 9736
9949 8233
1731 5999
4415 9269
4868 5678
5374 3684
8227 6054
4863 4205
629 362
4085 4980
2243 7729
4969 8996
7507 3247
5770 6311
3414 8812
9718 9409
2920 350
9657 9329
7013 1725
5596 8958
1646 6734
6672 9301
4844 5250
4876 9286
4728 1224
9053 6786
3665 9484
4596 7322
4985 7441
461 1378
4254 120
9131 6422
8221 1057
9014 8378
1321 6229
4209 6158
4489 7879
743 4781
3501 4589
981 287
3905 1698
172 5390
6392 9395
5223 8148
5519 4461
5856 7017
4207 2755
3478 3036
1579 338
5999 8925
9247 5530
2825 8217
5060 6275
3749 3181
9059 1849
5853 1940
690 6605
97 5714
8021 5294
3247 7726
2599 7749
1526 7873
607 8685
5763 3643
6866 8478
9961 8452
3376 2052
2403 7720
5001 213
6943 2047
9286 6415
384 583
2917 7104
9725 2514
2549 4069
1822 9902
6688 125
576 680
4922 1493
8044 657
928 6019
8501 4750
7397 4858
799 3576
540 4095
3473 9612
8042 2287
1131 5920
6529 772
626 9444
7002 8920
3266 6581
1075 3469
2368 183
6983 811
7747 6011
4012 1609
4773 889
7597 1730
5427 514
3576 9080
4570 8806
7695 2244
2384 8786
6295 3059
8871 8894
4989 2382
6621 8036
139 7858
2190 9765
5166 7904
8633 3814
4435 333
6138 7863
697 3479
398 6877
3242 3941
9448 3382
9818 4623
6175 4403
2499 7548
1112 8011
3308 3376
891 8293
4407 7817
8059 7786
2099 1104
9310 8668
9760 5207
3755 1220
2889 5008
5182 4714
4763 6622
7363 411
4162 6293
6050 6243
3579 2506
806 5756
2919 8141
7023 5530
7625 5667
5049 3427
5948 1682
6127 7330
8422 477
7325 826
6081 8098
9455 9907
2849 4761
0.5135 0.8079 0.6052 0.1106 0.3839 0.2193 0.7842 0.2214 0.4493 0.4013 0.2680 0.8082
0.2911 0.3269 0.1916 0.1837 0.2138 0.1953 0.6828 0.3458 0.3713 0.3907 0.4160 0.4863
0.5557 0.6184 0.4562 0.8589 0.1748 0.5286 0.5759 0.5514 0.5120 0.5148 0.6725 0.2211
0.2082 0.3044 0.7941 0.2800 0.6389 0.4161 0.1982 0.7355 0.7177 0.3751 0.3354 0.2613
0.3531 0.1140 0.2396 0.3414 0.3559 0.2937 0.7714 0.6695 0.4375 0.6369 0.1712 0.1942
0.2198 0.6884 0.4871 0.3800 0.5366 0.3879 0.4923 0.1204 0.7880 0.4670 0.4315 0.2016
0.4780 0.7194 0.4743 0.3909 0.4191 0.7354 0.2569 0.4982 0.8646 0.3809 0.2407 0.2170
0.7092 0.8130 0.6082 0.8665 0.8404 0.2499 0.3992 0.3118 0.1594 0.1291 0.8812 0.6494
0.5035 0.5045 0.5669 0.4359 0.7051 0.2033 0.1115 0.7538 0.6721 0.4005 0.2972 0.8801
0.1454 0.1561 0.6991 0.6436 0.1317 0.6328 0.5697 0.4176 0.5784 0.1517 0.1812 0.1416
0.1566 0.3551 0.8444 0.2605 0.4221 0.7034 0.7786 0.2995 0.4486 0.1966 0.6981 0.4904
0.6301 0.2364 0.5678 0.1507 0.7334 0.1526 0.3947 0.2502 0.3009 0.4191 0.5965 0.2410
0.8881 0.1248 0.3789 0.7953 0.6818 0.3204 0.4652 0.8902 0.8426 0.1572 0.4877 0.5627
0.2574 0.6653 0.3895 0.2780 0.6834 0.6803 0.4585 0.7534 0.2429 0.7659 0.3587 0.6055
0.1074 0.8178 0.3810 0.3436 0.2051 0.3337 0.6255 0.6690 0.4653 0.8338 0.5115 0.4409
0.3555 0.1794 0.1824 0.5998 0.8016 0.5764 0.6591 0.5193 0.2355 0.7091 0.7866 0.1658
0.3572 0.8406 0.4649 0.8688 0.3777 0.2630 0.5323 0.4061 0.6886 0.7642 0.6347 0.4930
0.1731 0.7250 0.7411 0.6825 0.6307 0.2613 0.5848 0.8929 0.3194 0.8403 0.4662 0.2301
0.8809 0.6039 0.3673 0.8553 0.1849 0.1356 0.5991 0.6069 0.8912 0.4676 0.7781 0.6989
0.3782 0.8059 0.1459 0.5103 0.7033 0.5369 0.8492 0.2714 0.2433 0.7045 0.4160 0.8312
0.3887 0.8580 0.5384 0.4915 0.6076 0.5193 0.6229 0.6895 0.1568 0.8139 0.5697 0.6278
0.5618 0.3044 0.8186 0.3646 0.6187 0.5988 0.2701 0.4548 0.3330 0.6739 0.7125 0.7828
0.7695 0.6770 0.4748 0.7538 0.1751 0.6887 0.3172 0.6386 0.5200 0.2101 0.5556 0.6664
