18 390 34
5376 6671
9935 2754
1546 8050
5912 3146
1194 4598
3445 7352
3619 303
3339 6138
3639 6232
6661 8195
3584 6945
2878 1458
7690 6700
8716 1270
7401 8022
5865 6361
2946 310
6524 9284
9614 9764
5574 2271
6293 9118
778 6716
8763 4980
8678 3590
8846 5347
1977 5097
2107 6099
7752 4290
353 7479
2832 2150
7390 8512
7425 9505
1714 5479
1617 8154
578 8513
4348 5711
4553 4991
5383 8586
3488 3819
8505 3828
9507 8917
6942 3206
4449 1240
605 3547
3056 2248
3800 6125
1704 808
1400 1306
4037 8213
2725 7074
1573 2939
1210 3616
1595 5684
9504 4916
575 8869
9033 650
9950 9449
6669 2711
2890 5226
2478 2739
2797 9716
9143 4939
4056 2117
1833 3625
8646 3048
6183 6401
1587 6793
225 8020
3040 4547
6625 5108
9218 1477
5744 3773
3533 6091
7116 9239
6076 6690
613 2258
2256 4071
4194 9009
5091 9816
7086 3541
5017 7396
5811 1997
2946 8640
8764 2591
7945 1805
3289 4636
4922 5730
4756 9038
349 759
8826 4297
3762 4342
7308 7199
4419 808
3656 9876
1651 3095
2861 9572
4618 1935
2766 220
8716 8025
3273 4994
572 9463
5928 5791
2745 8767
1348 1512
5434 4262
4450 1994
6388 1632
3013 8440
4828 3866
1677 5299
3008 6760
2559 1651
5194 7815
5431 5297
2435 5867
8595 7862
2743 1438
4811 3999
8214 6381
14 3294
8973 3308
5941 5566
2457 4513
7410 844
4983 1926
7247 1544
6922 4700
8885 8571
9142 8683
2338 4811
7509 8010
9785 7306
5174 5835
20 1374
4941 963
9036 8866
2922 6392
7809 1654
1214 5304
2739 4978
154 3703
7965 462
8737 3819
7013 8638
2932 4859
8771 8177
5980 9231
4190 1023
5966 1721
7072 7876
5079 8343
4197 9431
4091 5775
9232 393
3306 2142
4636 6466
4096 5256
9804 3205
7443 2792
6889 6711
1225 4489
9235 5699
1641 6932
7133 3120
6929 5627
4398 2974
6304 501
1021 6154
7227 9639
2309 9270
6068 4299
8886 7595
2755 3567
8443 7445
168 242
7707 2928
3342 5695
9941 3096
8336 2003
3783 9213
6135 5103
1110 2303
8140 1834
8067 6996
1600 8457
8528 3277
2570 5370
2803 4483
8616 8794
2695 35
6475 1425
4268 2103
2479 4089
5251 9977
42 2510
2719 6394
6845 3981
9147 3412
8907 3883
1042 5934
2439 7111
8133 6871
7502 4099
2340 8578
1888 4493
7032 8906
4888 5966
4815 1072
7634 9993
9637 6683
5806 5998
9633 1558
3246 9372
8986 7385
505 6841
5561 4461
2611 6506
6898 3490
131 3541
5004 5492
3254 354
4553 6526
106 8652
9501 4303
5229 6691
6213 691
7797 7704
3206 2588
9942 4629
1706 2125
3491 491
8030 1480
8005 6041
9141 2389
7262 5210
4560 1342
1489 9251
710 1928
9046 9725
2754 8001
8009 9478
9330 6892
7541 4403
3026 5169
8187 8291
9086 7913
5693 1840
1952 9173
3154 3161
5297 1169
3277 5970
914 3129
1194 9051
814 4310
3662 3089
7803 7416
9663 6275
2125 5012
1151 3901
6274 5504
1609 4087
8542 2263
8019 9631
1382 3906
5527 7984
5884 8252
3486 2015
8698 5622
8622 3453
6670 9677
7339 8874
6362 3076
8681 827
6336 5675
9755 9155
5717 9889
8621 6557
6444 7859
4935 4339
5822 8130
2597 7239
1220 2844
5917 8078
5197 4410
4044 9719
5828 4618
1596 3319
9949 8230
9302 5908
5232 5631
6920 6355
3497 8043
7951 3224
5080 2984
3494 6210
7016 6316
8976 2623
1352 8998
9617 408
1811 7201
6469 1815
1679 440
5779 7375
6955 4884
4945 1735
2327 9727
6986 5177
337 2291
9496 8739
4614 9244
4536 6054
4534 5374
9480 2909
4724 6347
9326 5100
7793 3893
9217 1817
9861 3594
5406 8756
3683 7153
6470 8273
6880 2736
8442 1607
5841 6825
2136 9489
2024 6648
4332 4303
8684 1172
7847 4126
606 1481
3551 1036
9500 8501
6309 9681
6582 9466
5290 2466
144 5104
8542 6445
3314 1880
7283 5510
9732 8728
9456 9391
9881 7935
1871 2946
5455 9004
4099 8405
3725 878
5645 6859
2851 354
737 9570
7889 734
2331 1812
1916 8032
2009 5195
7170 7042
2449 3768
8396 9680
807 6245
1647 2024
4261 1556
3466 8317
6298 7674
527 4456
8835 759
6423 7577
8675 1848
7037 7719
8428 7161
5618 282
1674 321
4793 719
2415 1044
6573 319
5060 4319
5841 5121
2718 4781
2584 445
6215 1561
7853 7848
8087 3837
5773 1315
6998 3372
5397 4361
3200 6922
9142 8983
6295 4512
9979 5800
1159 3111
2077 8908
5152 727
5303 9672
8241 5089
6368 4880
1172 5017
6086 4090
6731 981
8411 3080
5932 2602
9899 1562
600 1180
7811 4616
4595 2820
1895 81
6308 6384
4136 9331
2150 5716
6507 8886
374 1309
8605 6013
0.1434 0.5938 0.6286 0.2376 0.5990 0.7897 0.7685 0.8377 0.6312 0.2230 0.4955 0.8006 0.6303 0.5670 0.2385 0.1467 0.6733 0.6409
0.2043 0.6635 0.8269 0.1021 0.1527 0.8774 0.1177 0.4848 0.6299 0.1119 0.2793 0.3076 0.8490 0.7243 0.7080 0.3277 0.3784 0.7136
0.5291 0.5103 0.3466 0.4472 0.2612 0.7115 0.3625 0.8610 0.2634 0.4594 0.2260 0.1779 0.8913 0.7601 0.2886 0.5986 0.8476 0.3038
0.6031 0.2405 0.7027 0.4544 0.8322 0.8398 0.2715 0.4216 0.3061 0.5744 0.1288 0.1750 0.1791 0.3920 0.6910 0.8743 0.8098 0.8389
0.7867 0.2012 0.1381 0.2080 0.8443 0.8144 0.7414 0.2634 0.3283 0.3854 0.5420 0.3949 0.2302 0.8649 0.1728 0.2335 0.1694 0.7951
0.4644 0.7021 0.4667 0.4756 0.5904 0.2302 0.7952 0.6199 0.5833 0.7861 0.3020 0.2644 0.2218 0.3110 0.1750 0.4503 0.3775 0.2233
0.5339 0.4554 0.4403 0.8561 0.7786 0.7568 0.1054 0.1629 0.7606 0.3660 0.7178 0.6756 0.1844 0.6683 0.2187 0.5374 0.1374 0.5576
0.2284 0.3743 0.7168 0.2807 0.8919 0.3965 0.7481 0.8312 0.5675 0.8225 0.6985 0.4840 0.7148 0.7427 0.7799 0.6550 0.3143 0.7576
0.4352 0.4360 0.4751 0.3003 0.1462 0.1992 0.2300 0.6104 0.4259 0.4047 0.4429 0.6135 0.2347 0.8461 0.6155 0.1229 0.4640 0.1028
0.5690 0.4888 0.6803 0.3242 0.2897 0.1951 0.8347 0.5657 0.8691 0.2934 0.4908 0.6743 0.4861 0.2371 0.3329 0.1244 0.7877 0.5715
0.3621 0.7979 0.3820 0.1583 0.2000 0.8149 0.5589 0.8408 0.7209 0.6420 0.1589 0.1495 0.3939 0.5592 0.3230 0.5564 0.6897 0.3427
0.4336 0.2233 0.8883 0.8590 0.6776 0.1972 0.2128 0.6684 0.2251 0.1609 0.7090 0.7779 0.3937 0.1229 0.1997 0.1332 0.6120 0.7881
0.8400 0.4984 0.4375 0.8716 0.8221 0.6517 0.6013 0.8558 0.3744 0.5402 0.5915 0.2940 0.3956 0.3916 0.4147 0.4614 0.3491 0.4368
0.8202 0.8757 0.6751 0.1492 0.7276 0.7606 0.6561 0.4759 0.3259 0.8037 0.7073 0.2077 0.2355 0.3921 0.8122 0.7871 0.5155 0.5094
0.3092 0.1478 0.4217 0.5169 0.7178 0.4940 0.2655 0.4297 0.4206 0.1807 0.1427 0.1447 0.1203 0.8373 0.6626 0.6825 0.7477 0.8655
0.8742 0.6244 0.4170 0.8462 0.7799 0.7837 0.7556 0.1477 0.1815 0.7258 0.5485 0.4742 0.8490 0.1911 0.5834 0.8952 0.1777 0.3470
0.7717 0.4822 0.2115 0.5132 0.6369 0.3897 0.8422 0.5085 0.3795 0.6362 0.3179 0.1552 0.5446 0.5756 0.4285 0.4031 0.4429 0.3068
0.2490 0.1931 0.4914 0.6685 0.3282 0.6256 0.6283 0.1515 0.4202 0.7706 0.8139 0.3947 0.8709 0.7552 0.2495 0.6374 0.2744 0.7202
0.4764 0.8267 0.8393 0.1731 0.3343 0.8704 0.4116 0.1198 0.4799 0.7363 0.8406 0.4037 0.1355 0.4897 0.7324 0.2958 0.6974 0.4678
0.7894 0.1848 0.1579 0.8623 0.3387 0.1672 0.6293 0.4784 0.1601 0.8892 0.6247 0.4280 0.3657 0.2248 0.3290 0.2718 0.5331 0.6272
0.3435 0.7721 0.8629 0.6460 0.1807 0.6434 0.8191 0.1226 0.2553 0.5373 0.7482 0.2381 0.4805 0.1313 0.2455 0.2068 0.7820 0.7114
0.2103 0.4449 0.4469 0.8338 0.5910 0.5753 0.8748 0.3125 0.7816 0.3635 0.2957 0.7556 0.6309 0.6324 0.6763 0.1439 0.1924 0.2417
0.7315 0.4245 0.6624 0.8612 0.5568 0.7236 0.6297 0.5833 0.7535 0.2614 0.2382 0.6610 0.2210 0.3838 0.7717 0.8475 0.8699 0.5496
0.2399 0.8469 0.5816 0.7161 0.1795 0.6665 0.8818 0.2811 0.6771 0.1134 0.6866 0.8140 0.7300 0.4922 0.3292 0.5228 0.2655 0.5553
0.7713 0.2095 0.2135 0.6567 0.5624 0.4545 0.8096 0.6802 0.6137 0.5462 0.3545 0.4863 0.4357 0.8763 0.1342 0.2267 0.5838 0.2196
0.7697 0.5567 0.2007 0.1619 0.1846 0.8904 0.1658 0.7270 0.2198 0.3793 0.6312 0.8092 0.3357 0.4686 0.6447 0.6804 0.5591 0.2846
0.5455 0.3014 0.5549 0.1679 0.6624 0.7419 0.5992 0.5201 0.4668 0.8503 0.1821 0.3221 0.4605 0.3081 0.4194 0.4761 0.5582 0.1469
0.3621 0.8896 0.7121 0.1348 0.6169 0.5580 0.5128 0.4033 0.6289 0.4756 0.2781 0.8179 0.2075 0.8749 0.7908 0.1551 0.8552 0.4868
0.7851 0.5837 0.4998 0.4186 0.6506 0.4294 0.3464 0.1288 0.5836 0.2883 0.1129 0.5392 0.7828 0.5842 0.2951 0.4703 0.2803 0.6793
0.2586 0.7827 0.4539 0.6495 0.4802 0.5052 0.7881 0.2658 0.5489 0.1861 0.3956 0.7253 0.8172 0.2363 0.4289 0.3532 0.5818 0.8786
0.3314 0.7470 0.4879 0.4222 0.8013 0.1802 0.8032 0.3532 0.8144 0.2835 0.3207 0.1833 0.6078 0.6655 0.5341 0.5500 0.2821 0.4664
0.8068 0.1625 0.6820 0.3968 0.3957 0.3481 0.7972 0.5219 0.2972 0.3604 0.8497 0.1689 0.2921 0.4083 0.5254 0.8566 0.2152 0.1383
0.7283 0.3307 0.8583 0.2144 0.4738 0.5972 0.1628 0.2373 0.3658 0.8365 0.8233 0.8049 0.8020 0.7118 0.8407 0.5070 0.7220 0.8940
0.4059 0.6625 0.7033 0.6410 0.1976 0.2264 0.1751 0.4592 0.3222 0.7575 0.6568 0.3788 0.2729 0.2958 0.8276 0.5158 0.8620 0.8526
