12 491 47
3991 7006
708 7188
2348 3496
8581 2620
6297 8544
2663 3139
7771 4311
4907 1158
1280 4918
1571 199
6296 4005
3957 1053
7927 8445
1415 4554
6863 2
9861 7377
3505 9572
5624 7702
298 5004
6096 1540
6932 849
3699 6308
2641 3376
4689 2648
4571 6060
7561 5338
9024 2194
6139 5252
3839 4109
7140 3489
7346 8535
1578 1658
7521 7852
9274 5334
4899 5221
2705 5947
8517 5285
2159 6357
4048 4754
531 1854
1517 4925
410 4960
1761 8912
6604 1113
5379 5490
3330 2634
1800 1676
7905 65
5062 9634
4835 9210
335 6238
6840 5479
542 1111
7533 5025
2338 9617
5599 4917
9364 308
7557 6405
3716 91
8562 2311
795 1051
7972 4989
8298 776
9217 3870
9904 2304
115 3410
3100 7318
5384 5687
2369 1550
9235 2421
6122 7669
4953 8496
773 442
1357 5605
6572 5380
7728 1072
8783 1152
5233 7766
1463 7085
5177 888
4523 2320
7412 2670
5168 3557
1967 8210
6885 7609
4228 2020
3617 9443
5307 390
7358 8416
4225 9488
1677 1180
7448 8742
4046 6278
6199 2763
9024 7710
8348 3792
3022 5795
1751 7021
9086 9813
1607 3971
4449 3948
2701 2232
948 1377
2728 5367
8049 6818
7668 4153
8863 2353
1624 753
9056 6397
40 8606
7636 8251
3020 9613
7914 6446
5715 7341
1797 675
8249 4930
4309 746
204 3724
2177 5049
2043 8721
9526 6301
3461 4943
6498 4366
310 2044
1708 2279
8030 7265
6024 6409
3750 3763
7647 731
8206 8520
8343 9563
137 5940
6412 8528
5463 1937
5757 530
7364 9226
3316 6917
3004 1119
3588 1846
6327 4556
8155 4489
6732 7971
8552 7034
1519 342
296 7489
9990 6380
5246 134
9984 7246
7531 1030
8917 5381
9259 265
8996 5709
1938 182
1159 6949
9212 3629
4243 1434
8492 6338
3605 8936
4602 4696
4983 4442
7230 9771
6154 2131
6089 5789
8279 6432
5776 2488
7687 9702
290 1607
5366 6101
1988 1337
5529 6290
8784 5684
7379 3720
682 9257
9363 8922
8730 8467
3298 6447
6332 1919
4691 8121
5563 4135
3511 2402
4951 2672
4139 6386
834 93
5574 4404
6323 4246
3112 7075
3951 5230
6281 5268
1467 3452
4397 4339
5758 9876
8855 2000
2584 5060
8340 5203
4704 4680
825 2944
2459 8446
252 2670
5130 5920
1220 5085
2538 8834
4464 9146
3720 8606
7726 8385
8058 3379
1865 1192
3957 1504
2347 854
6420 5711
6843 3806
4800 3929
8282 6583
5639 749
6679 5200
6195 7967
5357 6443
8960 2833
4543 1637
2552 2542
148 2116
1369 8949
996 3378
2146 9864
3167 4152
8105 6716
5335 3138
964 3031
6787 5961
4357 2940
1313 4485
210 2346
6850 3013
7798 151
2544 5868
78 4912
4455 1171
7736 3072
4253 5111
4540 8039
169 7691
5838 5397
1985 385
2150 8194
3070 4765
8249 1847
6029 2591
8043 9636
7083 118
2715 2802
9115 4000
4478 6261
7847 6656
621 5632
4371 1799
5725 2964
8042 5392
155 4633
2537 8127
6535 8727
6234 889
1761 7831
5463 8741
2265 8690
6998 3032
4681 4015
3256 4994
6160 9709
7889 5373
1770 6185
4935 364
6988 4979
4067 5594
5284 7617
9549 8231
1724 7385
2360 2520
6642 5474
7379 7504
6231 1685
809 7310
9122 981
5647 4015
1097 8573
2668 995
6876 350
7287 7546
5241 2360
4243 9810
6579 9571
9070 8134
5710 2099
9124 2242
2675 9761
1661 52
4920 5983
856 1931
1682 4043
8063 9286
3291 3057
4039 7440
4297 2486
410 8052
1612 9480
3145 8036
460 7788
6636 5097
1085 7884
4819 9930
888 233
6468 7120
9696 3722
8345 2106
2481 7150
2519 3522
8574 9746
4457 7832
6336 6958
7475 3370
7792 7004
209 9176
4372 599
1400 8522
5849 8127
352 2503
7559 1830
3169 3187
766 3258
5051 6202
2497 4323
4046 7201
7917 1233
788 4664
6151 8408
7443 6033
8570 9531
6084 703
3848 3526
2478 9748
8952 4520
1390 6301
6938 2473
1586 1299
7707 205
7288 8283
2127 4728
9187 8992
1790 3751
5440 405
7393 3973
5649 5633
4809 7003
1418 6204
8647 5529
7120 9755
2778 5075
906 2636
5981 7305
1275 2290
605 2909
8975 6479
5158 6204
9803 9853
4670 7373
4690 2839
4417 9377
8786 7615
4825 6677
6955 2246
8604 1908
8759 1795
81 6395
3236 2411
5604 7433
7387 4705
8430 6641
2963 8078
8459 1756
7660 6031
8798 6438
21 8165
5718 4331
9496 4875
5865 1434
2771 6379
9727 6802
3650 7122
1523 8653
859 4741
3361 7608
9011 7227
4060 7330
8296 5863
5773 3849
1678 3306
5483 9405
1106 6736
9417 9788
2390 1678
3720 3567
639 8519
9823 2655
6512 5981
9928 9123
1638 5570
8325 7701
1688 2629
4843 4928
5294 1862
2590 8417
4065 5239
6648 3407
8021 6302
4588 3767
3299 6302
5064 1937
1608 1016
5600 9931
6143 9381
16 3178
256 3154
6381 2241
1602 7364
4424 7318
6734 8573
6060 446
9748 1013
4891 5532
505 742
1061 2681
1899 9586
7437 4806
6014 1072
2403 9475
4162 7741
9361 1585
6717 6524
8689 1996
9619 1654
2096 3930
7590 1517
5493 5007
1211 3477
9742 4810
7981 7652
3178 1562
2212 7830
3548 8640
1837 5742
8808 2258
6091 4241
5320 8945
8886 150
8876 3039
7466 1884
7363 6438
5116 4575
6960 5461
2240 3951
6718 7104
3956 4146
1515 9798
6231 654
686 2634
2569 3099
3635 6859
5367 8418
2043 5294
5596 5898
3386 6033
7458 6644
9883 1946
6448 4778
4725 9520
4264 25
8793 8951
2436 6965
1830 9134
8132 335
6427 4988
9334 8745
5191 9420
1091 1742
6769 7818
3748 2776
6737 2473
3538 7089
4395 8787
8502 5450
9960 1732
5224 9528
4536 3443
57 3851
3652 9909
2870 9326
4822 3000
2656 4172
5501 6106
9259 7276
7618 1717
7167 5103
1823 7261
823 6538
7765 5512
0.4334 0.3107 0.7567 0.1252 0.1242 0.4113 0.7708 0.8862 0.8838 0.7733 0.7865 0.2180
0.4357 0.3105 0.5024 0.8710 0.8212 0.5903 0.3565 0.6660 0.3023 0.2919 0.1734 0.7353
0.4096 0.3257 0.8661 0.5966 0.5806 0.8826 0.4832 0.1800 0.1154 0.4028 0.3141 0.5548
0.1971 0.3386 0.4120 0.8595 0.2021 0.8158 0.5480 0.1966 0.3672 0.4741 0.6676 0.6605
0.7713 0.3079 0.4353 0.3647 0.8205 0.2177 0.5474 0.1135 0.6623 0.7016 0.4324 0.1873
0.4104 0.3489 0.7214 0.7348 0.2910 0.3789 0.1168 0.1947 0.7669 0.3496 0.3042 0.8920
0.6660 0.6824 0.1003 0.3801 0.2215 0.7472 0.1809 0.7397 0.3982 0.3492 0.1432 0.1311
0.4818 0.2266 0.2037 0.5440 0.1688 0.4975 0.4609 0.4207 0.7578 0.8907 0.4398 0.6174
0.6729 0.2508 0.2701 0.8255 0.7562 0.8882 0.6386 0.4066 0.3508 0.6295 0.6013 0.3477
0.5446 0.1620 0.3979 0.6499 0.6979 0.7882 0.1907 0.4029 0.8580 0.4120 0.2582 0.6646
0.6456 0.8203 0.1177 0.4915 0.4092 0.7162 0.7351 0.2170 0.7984 0.1624 0.5403 0.6065
0.1060 0.3152 0.2910 0.3638 0.1600 0.6334 0.5067 0.4797 0.5496 0.7552 0.4951 0.8527
0.1232 0.6227 0.5378 0.5305 0.3881 0.2052 0.5664 0.7273 0.2870 0.7639 0.3989 0.3854
0.1782 0.5427 0.3021 0.6788 0.7607 0.5206 0.1266 0.6127 0.3672 0.7630 0.2458 0.3803
0.7768 0.7584 0.9000 0.7091 0.2997 0.2495 0.7056 0.2488 0.5100 0.5797 0.4157 0.6615
0.1602 0.6161 0.4492 0.6315 0.4689 0.8683 0.4103 0.3310 0.3241 0.2374 0.3439 0.8218
0.8955 0.8275 0.8175 0.2357 0.5520 0.6237 0.8561 0.7987 0.4961 0.1914 0.3353 0.2153
0.6067 0.6353 0.8587 0.2147 0.2539 0.3561 0.5704 0.7669 0.6883 0.1080 0.3659 0.6021
0.1252 0.6141 0.1908 0.6775 0.2951 0.4663 0.3224 0.3214 0.6146 0.1060 0.2138 0.4462
0.7959 0.6155 0.6138 0.1120 0.6224 0.6368 0.5902 0.4703 0.7530 0.6758 0.2702 0.2021
0.2584 0.4258 0.6670 0.4755 0.6787 0.5319 0.7295 0.1387 0.5363 0.8302 0.2223 0.5136
0.4504 0.2553 0.7494 0.6756 0.7403 0.8794 0.5368 0.6379 0.2118 0.7327 0.2287 0.2243
0.3630 0.3297 0.7119 0.7897 0.1841 0.1496 0.7453 0.8845 0.6283 0.4561 0.1579 0.6456
0.7593 0.8934 0.6213 0.8623 0.7465 0.8974 0.6737 0.7934 0.5876 0.6321 0.5263 0.2812
0.3278 0.7588 0.2212 0.1737 0.7728 0.6976 0.8726 0.7999 0.4549 0.7469 0.4184 0.1592
0.8523 0.3272 0.4390 0.7037 0.3019 0.4936 0.1687 0.8803 0.7294 0.6886 0.2386 0.6861
0.8208 0.6037 0.6666 0.2165 0.7102 0.3086 0.4253 0.8417 0.2162 0.5836 0.8269 0.7747
0.7231 0.8972 0.4416 0.8925 0.4264 0.7486 0.3229 0.5559 0.2523 0.4102 0.4182 0.2640
0.6977 0.3323 0.8750 0.8451 0.4282 0.4244 0.2102 0.1206 0.8814 0.1646 0.4957 0.2379
0.6810 0.7875 0.6902 0.1277 0.1039 0.5913 0.1376 0.1211 0.4920 0.6509 0.8760 0.5224
0.1977 0.1297 0.6022 0.4159 0.6360 0.8226 0.1333 0.6841 0.5438 0.3081 0.6348 0.1365
0.5258 0.4252 0.3412 0.8101 0.1821 0.6034 0.6973 0.7317 0.5594 0.4141 0.6043 0.2002
0.2437 0.6363 0.8280 0.1131 0.8950 0.5096 0.2168 0.4472 0.8349 0.4824 0.2572 0.8884
0.6019 0.1625 0.4590 0.7583 0.4835 0.3266 0.8418 0.5302 0.3463 0.5758 0.3043 0.2579
0.4585 0.7679 0.7905 0.7720 0.2815 0.8199 0.7848 0.4074 0.5013 0.7518 0.4119 0.5960
0.2410 0.4597 0.8472 0.3201 0.8255 0.7816 0.2024 0.1121 0.6020 0.5422 0.6587 0.5317
0.7825 0.8075 0.4882 0.1754 0.4368 0.2190 0.2915 0.6869 0.6682 0.8930 0.7349 0.7447
0.5418 0.3527 0.2359 0.8807 0.2412 0.1246 0.2481 0.4834 0.5407 0.3068 0.3026 0.1940
0.1445 0.1663 0.7815 0.7460 0.8908 0.3738 0.8350 0.8816 0.3386 0.6201 0.6985 0.6251
0.5391 0.6525 0.6615 0.4063 0.3835 0.7670 0.8825 0.7558 0.6417 0.3877 0.8981 0.5720
0.1318 0.7119 0.8218 0.8505 0.8637 0.8371 0.1133 0.4442 0.1886 0.6773 0.6979 0.6036
0.7014 0.5565 0.8261 0.1748 0.6794 0.4160 0.3739 0.1006 0.4330 0.4672 0.5061 0.3415
0.8712 0.2098 0.5243 0.3819 0.5033 0.8453 0.7521 0.4492 0.5369 0.1800 0.6995 0.1404
0.3701 0.7772 0.3491 0.1338 0.3668 0.1521 0.2482 0.4188 0.2871 0.6621 0.1811 0.1977
0.3773 0.3284 0.5919 0.8777 0.8703 0.6694 0.3710 0.3155 0.1989 0.5806 0.6291 0.8580
0.8292 0.6123 0.6671 0.8000 0.3515 0.5665 0.7962 0.2206 0.2179 0.8542 0.8459 0.1096
0.8722 0.2501 0.3130 0.4074 0.6244 0.7810 0.2398 0.2273 0.6889 0.3000 0.3919 0.7517
