13 344 43
4628 8676
1023 2301
4716 6831
737 43
5678 8673
9886 5903
1180 3280
7100 1311
6954 531
4645 3257
3210 2817
3308 1322
1526 173
59 4774
8516 8481
8602 6947
1061 1515
8573 5546
2761 3277
8366 8999
1013 1018
7147 2219
1704 8472
5313 8415
5560 4539
2178 9621
9590 1936
9503 1153
9859 84
2573 707
4461 8933
6961 4984
9713 5886
2500 8597
5939 8788
7487 4056
7412 2794
7904 9505
8916 424
9512 9141
9341 3176
4284 9618
9398 9802
7400 5451
2653 4981
2629 5181
4917 5178
3425 8739
7929 4785
4408 6037
1592 3817
5382 3181
2891 7229
1570 5081
539 8537
92 761
42 9106
2924 3651
4022 6109
6446 6331
3961 7232
7083 4761
8319 1458
5631 715
1574 3026
907 6658
77 6429
2685 7113
725 9137
3647 6126
5622 8329
5725 2173
9 5675
5957 1583
6202 9384
3513 8026
5765 9399
7090 9056
1495 6429
2583 1416
7354 6350
8601 3452
447 1509
4685 1645
2067 2080
7480 7173
5725 6669
5205 6575
5063 6486
1686 5582
6153 8343
1259 7988
7128 6030
3725 9434
2679 7008
4663 2027
5492 8757
3900 3023
7843 3791
8486 5811
6913 7203
6846 8710
2030 8102
192 7061
5859 7693
2311 5457
5896 2503
4343 8867
9243 7933
9826 2225
8030 6309
7818 5698
8328 521
7125 4167
9699 3062
8781 2884
289 7528
9373 4994
2169 736
33 3811
5569 2536
5166 5374
7361 9410
3777 4487
584 7225
1820 3977
3682 7751
8772 1034
8919 2673
2851 3215
88 3171
8410 3120
3600 230
8210 7906
5356 5718
4345 9403
6649 9458
2158 5543
1942 4116
4324 1574
942 5532
927 6302
1128 3389
4064 829
6008 1148
1391 2406
7307 7012
8402 6145
1761 2798
2364 566
2782 7466
8731 8629
7733 7229
6003 9266
7088 4046
4096 4425
9351 121
4379 6525
9234 5440
2580 8410
3080 2653
6396 8909
2116 3012
3098 9212
1176 8859
1168 5017
509 1320
8281 7550
1539 8678
116 4565
4335 3223
3073 1911
4186 9536
6535 4421
8650 4456
103 1671
6536 5939
9809 2664
8051 9848
5629 3118
8038 4011
2702 2753
5468 522
3455 3092
8822 7621
8676 5287
2095 9987
2813 5983
9473 8416
7040 7360
5969 5372
1279 7527
7939 4464
4262 2517
1834 4187
7186 9736
8251 8010
7492 1405
4403 6140
8937 1629
9857 4953
149 2594
6275 8326
2882 6290
7895 2933
540 5238
3602 3969
6534 8726
2751 3132
7680 7510
4935 6351
4456 5469
7146 3392
596 9379
901 9041
3132 556
8698 8082
5470 4208
935 2076
6134 844
6585 6864
6107 4079
5708 7180
6010 6521
9446 442
6360 2111
2263 7724
6668 4113
2768 7284
8677 5935
1683 2957
2426 4990
8418 2507
1029 8079
9176 635
44 7064
6664 4427
8181 2732
471 1789
2235 6678
4482 9104
7400 1187
5321 4247
8864 7190
2802 362
5589 4148
4191 4272
6341 5605
978 9352
2905 7001
4343 9230
9406 1692
1628 8118
9846 4536
6704 2029
6382 7166
7664 8544
2687 7807
8433 2850
4678 5733
4562 1153
7221 8488
9812 8580
3136 4845
8733 6327
4278 8719
5481 1007
5343 7562
6120 8976
5688 2321
3608 3818
9991 6026
9803 1245
4229 6905
7350 4728
6820 8269
2785 9627
6574 3635
6399 4639
5124 2275
4190 7205
3511 3305
7847 1658
8108 9702
2589 1024
4193 9925
280 2434
5386 6006
2292 1286
9746 8353
1002 7669
6069 2655
5677 5952
1411 5867
8329 9125
1790 9117
8196 9982
7942 3042
2055 5227
6700 2165
8943 4909
7605 9367
3705 7190
3114 6677
2126 8959
493 5072
2607 8900
3936 9820
8262 3725
5160 7018
1644 652
4900 2784
7187 1599
4724 3344
2800 9986
1146 8702
5152 1508
492 2238
2256 1169
2899 9433
4319 2794
784 5559
5174 4477
7672 7752
2443 1822
8196 5163
4757 9752
4145 5069
944 8570
75 8753
7275 4230
18 8590
5913 1086
4266 9731
986 8829
9115 7238
1098 7921
6804 7650
8287 7775
9096 8033
5290 9278
704 8492
3480 9497
2739 6479
9477 4679
9924 5806
8030 516
4448 2425
6855 3542
8807 6880
6041 1721
3493 6887
4298 3990
9473 9598
7316 1928
2950 1906
1260 7869
0.8263 0.2185 0.4307 0.5670 0.1812 0.2880 0.8876 0.2884 0.5631 0.5595 0.2344 0.7132 0.7506
0.2387 0.2365 0.1545 0.3184 0.2027 0.7185 0.6778 0.3160 0.2747 0.3445 0.1659 0.7417 0.8107
0.5611 0.6830 0.7637 0.7648 0.8116 0.8348 0.8890 0.8031 0.1708 0.4480 0.4218 0.4721 0.8008
0.3347 0.5269 0.8105 0.8481 0.4229 0.8993 0.8599 0.2742 0.1576 0.4167 0.4638 0.4730 0.6146
0.7154 0.7442 0.5206 0.4955 0.6753 0.8367 0.3253 0.3433 0.7123 0.3913 0.2577 0.3234 0.2550
0.7702 0.4982 0.2814 0.6990 0.5533 0.2577 0.8065 0.4998 0.3639 0.4547 0.2169 0.4017 0.5036
0.2792 0.7627 0.3131 0.2920 0.8804 0.8330 0.4897 0.1193 0.5505 0.2241 0.5892 0.6198 0.2946
0.5344 0.5317 0.1456 0.6098 0.6151 0.3849 0.4837 0.6423 0.7348 0.4250 0.5274 0.5793 0.1219
0.6850 0.6116 0.3536 0.2880 0.7235 0.7896 0.7757 0.2245 0.8968 0.1512 0.2536 0.4491 0.2622
0.2343 0.8584 0.2376 0.1945 0.4871 0.7528 0.7372 0.3385 0.2026 0.1259 0.7513 0.7940 0.7913
0.2192 0.8925 0.8138 0.7198 0.5177 0.2716 0.3816 0.6878 0.6332 0.5703 0.4128 0.3238 0.8838
0.7481 0.1168 0.3716 0.4105 0.7882 0.2787 0.8212 0.8070 0.4250 0.3458 0.2106 0.4489 0.7683
0.8908 0.2287 0.3476 0.1984 0.8094 0.8181 0.1884 0.2941 0.1785 0.3134 0.4235 0.4210 0.7191
0.6922 0.3230 0.2595 0.2520 0.3589 0.6968 0.1547 0.7946 0.3102 0.5665 0.7115 0.8238 0.6234
0.5169 0.5912 0.6969 0.8358 0.8764 0.1251 0.7778 0.3304 0.4742 0.6200 0.4727 0.3944 0.5203
0.7221 0.2830 0.6917 0.8862 0.4205 0.7000 0.6545 0.3382 0.8713 0.6629 0.4552 0.4978 0.3761
0.1556 0.4574 0.4264 0.7023 0.5881 0.7727 0.8196 0.6168 0.6240 0.7487 0.8823 0.6453 0.1210
0.7370 0.8965 0.2050 0.1151 0.7799 0.5039 0.5370 0.3884 0.3682 0.7983 0.2059 0.5978 0.5967
0.4452 0.2800 0.3371 0.3962 0.4937 0.5474 0.8067 0.2712 0.7584 0.2900 0.4152 0.1624 0.2171
0.3856 0.2638 0.7778 0.5549 0.3001 0.6928 0.3187 0.1770 0.2104 0.3207 0.5970 0.4450 0.7070
0.4916 0.2534 0.1833 0.7723 0.6325 0.1084 0.1858 0.1958 0.5147 0.1770 0.8232 0.7445 0.4468
0.1677 0.6415 0.6986 0.2062 0.2711 0.7989 0.3444 0.4556 0.1816 0.6653 0.7644 0.2059 0.4037
0.6442 0.8618 0.2281 0.6683 0.6827 0.5610 0.8097 0.4775 0.1231 0.5609 0.5085 0.5751 0.3367
0.8941 0.4357 0.2802 0.5015 0.2462 0.8004 0.5896 0.6635 0.4184 0.6174 0.8237 0.4842 0.5288
0.1107 0.7015 0.2828 0.8730 0.7571 0.3070 0.3222 0.7145 0.5954 0.8895 0.5000 0.5626 0.2412
0.1932 0.1459 0.7424 0.1537 0.8104 0.6840 0.3803 0.2950 0.7402 0.5186 0.8520 0.5729 0.7455
0.7228 0.5328 0.2309 0.8818 0.4497 0.8877 0.7189 0.5369 0.6445 0.2161 0.4889 0.4633 0.6244
0.6532 0.7445 0.4336 0.8182 0.8024 0.5340 0.3429 0.1828 0.3646 0.2062 0.5012 0.6453 0.7281
0.6570 0.8752 0.4647 0.2090 0.6710 0.2504 0.2782 0.1785 0.4227 0.2832 0.4117 0.7166 0.7138
0.3097 0.8911 0.7807 0.3253 0.7170 0.1815 0.1469 0.4025 0.4591 0.8095 0.6229 0.1021 0.1470
0.7496 0.3754 0.7318 0.4901 0.5053 0.8326 0.6401 0.5659 0.7472 0.4506 0.2425 0.8975 0.5626
0.7010 0.2385 0.8353 0.7189 0.7635 0.4437 0.2277 0.6600 0.3848 0.7395 0.8499 0.5128 0.5121
0.6557 0.3275 0.8681 0.3379 0.8765 0.7609 0.8376 0.5896 0.6535 0.6040 0.5033 0.5175 0.4419
0.7258 0.4206 0.6134 0.8801 0.7124 0.6457 0.4421 0.7543 0.2328 0.6461 0.2407 0.1824 0.2668
0.4670 0.2276 0.3866 0.5766 0.8933 0.6509 0.6634 0.8585 0.3998 0.1403 0.5197 0.4758 0.8312
0.1071 0.5325 0.8055 0.6786 0.8044 0.3966 0.5305 0.4493 0.7080 0.7279 0.8159 0.2630 0.7212
0.6535 0.6053 0.7890 0.8557 0.4103 0.5331 0.3487 0.6029 0.2158 0.8780 0.7499 0.1028 0.8120
0.4154 0.5306 0.2128 0.2084 0.7741 0.7775 0.8037 0.1773 0.5808 0.6839 0.3710 0.3388 0.1423
0.7620 0.5049 0.6254 0.1503 0.5185 0.3406 0.4928 0.5314 0.3446 0.4560 0.8717 0.5557 0.4632
0.8861 0.2634 0.1979 0.6850 0.1202 0.7716 0.2435 0.2950 0.3618 0.5786 0.2734 0.2049 0.4940
0.5271 0.7559 0.8014 0.1517 0.3493 0.3098 0.3385 0.8905 0.2740 0.5867 0.1444 0.6183 0.5768
0.8514 0.5602 0.8358 0.2769 0.5618 0.5596 0.2798 0.5111 0.1275 0.6691 0.1324 0.2997 0.3627
0.2861 0.5680 0.8178 0.1305 0.6627 0.2453 0.7206 0.5917 0.3814 0.2047 0.5776 0.2338 0.4107
