19 412 75
6447 7633
6300 4858
733 6928
2074 8628
8621 4455
1846 4923
8116 548
2756 3051
3798 2878
5004 2118
3103 6277
7705 9506
7358 882
4386 8166
6414 1531
7838 3588
3077 7876
1969 3374
2465 6839
4503 9463
1854 9849
7477 4096
6826 1938
1916 4185
2085 6005
1472 7912
7829 1303
1160 6241
5918 4813
6546 6083
1076 5862
7877 5638
3385 8870
1152 681
1178 1548
8504 6173
5600 4071
8520 8980
5542 1676
6007 7811
1353 4206
7005 5005
9959 7383
8396 2850
5051 6035
1454 7522
7491 5827
8343 7808
6847 5538
3110 2968
435 7578
5132 7042
1721 9071
8658 424
341 2399
4106 8493
7996 4564
4173 7969
5227 1086
169 1607
3285 8258
4826 7370
9022 7820
7590 5805
3954 7298
8735 5058
7126 5015
4188 865
2187 5943
7242 7936
4344 5485
8724 9021
1189 8395
1921 6589
8414 6763
5209 9465
2435 5419
8798 6025
8311 2990
700 909
379 4813
1415 4022
8218 6526
7558 3608
9038 9596
2159 4579
3793 462
4418 3194
7304 7850
3377 5723
77 3443
5864 6526
830 3362
4622 4947
9619 6649
6615 3541
5531 5544
4887 3867
6157 6791
2994 9836
433 1439
2350 7274
9719 3447
6620 9839
4456 8596
2795 75
6020 779
7516 9327
3053 1226
2771 1980
3073 5525
35 1222
6281 427
8765 7576
8158 450
3412 8410
1794 3707
2293 9073
5617 8123
9695 4755
2003 6847
2954 1981
2128 2419
6366 8321
8516 6388
1700 979
4602 2784
4529 7968
613 5491
6915 876
2591 5649
8519 7627
2309 1763
3560 7037
9724 6376
271 5119
4414 6102
6790 1148
6337 1983
3946 1214
3133 5441
5671 7260
4856 590
6496 1721
7562 7627
6278 6848
3236 290
9383 9875
2598 7779
9729 4230
4019 7779
1444 4829
4856 2883
4056 4466
3728 7042
7886 340
5746 816
5808 9355
3282 4016
9179 7200
764 4948
489 7901
246 6419
9518 8837
8910 2197
5059 9558
3491 4510
698 8966
9609 2875
5146 2611
416 5590
5198 9644
8612 3417
3385 5030
6089 8168
8932 6824
142 7469
9955 411
451 3812
4516 8362
498 7115
1628 5883
7691 5286
8978 3546
2116 4289
7517 6773
8860 9532
8221 1142
7470 9785
7088 7117
895 8991
7976 424
5008 1730
3633 5156
8577 5130
9010 7070
2155 2992
1673 4762
5344 9106
2405 8363
35 6085
9014 603
2924 2197
6689 9085
5001 4973
8065 5895
6713 9335
9444 1004
7806 9803
7529 8751
7494 8076
6310 887
7383 7505
2724 8057
719 5569
2367 1578
2385 4842
8323 4088
1283 715
1043 9506
8900 8453
8378 5540
1772 3017
4440 1388
5730 6592
2741 4338
8954 491
4490 869
4108 2803
988 2342
7376 4694
9163 1463
5777 2060
9593 2529
3380 2631
7086 9406
9288 5783
6663 2533
4988 584
3094 5668
3264 5733
9649 536
102 1963
1674 5458
3547 2805
5134 5626
2651 9544
446 3326
6380 964
2471 148
8174 276
3837 8519
9630 2424
3385 2201
2690 6486
6852 8528
4998 7755
7408 2115
6782 5023
3112 6653
463 813
4717 2689
7035 6680
9939 7752
5620 4655
5278 8650
7731 2102
3950 4492
2043 6520
635 8302
3011 4346
8342 6300
9718 6922
822 4429
7129 7011
5992 5365
3495 2100
7619 425
5828 8131
459 9908
4847 4752
9436 7398
1081 7556
1158 4452
700 21
2212 6572
3177 9764
5651 8331
9233 9395
6908 9464
1026 5364
117 3764
203 3550
2266 9890
600 870
2599 967
7076 4690
3353 1539
1104 4294
4136 3822
900 6178
6535 8466
1444 4470
285 2024
142 6869
3165 6806
6926 8163
2404 6043
5222 1727
6309 19
7351 5454
1768 4504
2530 9396
8358 1918
9931 2397
2835 4618
7965 2963
86 2266
8134 4827
5346 85
2786 3776
1696 9995
9432 2022
7794 1943
4736 7488
3804 64
2384 1098
607 6421
3816 2381
7345 7643
7172 2637
1890 8135
4374 7888
8171 9480
5331 1398
6857 9197
4378 7146
6467 7963
2736 5079
5159 7866
4856 723
8297 9735
918 5357
919 4614
657 6321
9019 9384
1034 8960
4603 5488
6194 5612
6762 364
9942 6813
6971 1877
2785 7065
7903 9338
2664 9155
9833 4444
4427 1940
3974 402
777 3822
8869 2771
6705 5681
3173 2237
2632 4484
7197 9500
5141 3218
7793 973
1562 8083
9260 7376
6731 3342
4384 5842
3854 5100
5050 4277
831 3002
2917 859
7853 9650
9433 826
3812 2110
6438 3002
3467 4082
9903 4834
6233 8872
8361 5889
7123 5364
8700 2493
5358 9542
1323 9292
4773 6276
6138 9182
7762 2863
4643 6919
9029 2813
1242 6814
6087 8589
3696 5921
1516 198
7392 4331
1607 1704
6077 6445
4846 9001
5332 8049
3197 1348
1393 2655
1971 421
8917 6047
4942 6358
1815 4601
3905 2700
1943 6018
2386 8988
5118 2210
5843 2699
8643 4560
5703 1251
7090 4062
1396 9476
5783 9646
3767 3616
7627 3883
6872 8691
5915 538
1298 93
316 6595
7890 2616
8659 9615
2561 1719
3096 7553
4002 9437
4738 4695
8072 1518
6622 5613
3382 3503
0.5201 0.2457 0.4351 0.2304 0.1021 0.6777 0.2355 0.6941 0.4040 0.7451 0.4239 0.4492 0.7764 0.4562 0.3418 0.4119 0.1398 0.8069 0.2193
0.6287 0.3028 0.2824 0.1197 0.5061 0.2291 0.2766 0.6116 0.5292 0.3111 0.4859 0.4496 0.1781 0.5830 0.1447 0.5198 0.7978 0.7412 0.6083
0.8546 0.2618 0.2246 0.6713 0.7280 0.1284 0.2046 0.1221 0.4231 0.7725 0.6679 0.8408 0.4104 0.6945 0.2089 0.6660 0.3379 0.1889 0.1058
0.4198 0.2423 0.8857 0.6337 0.5739 0.4028 0.3251 0.8709 0.1276 0.4289 0.7368 0.4845 0.4186 0.6674 0.6278 0.3645 0.6402 0.6698 0.4902
0.3458 0.5848 0.3667 0.3701 0.2790 0.2674 0.5757 0.4406 0.7233 0.6929 0.6633 0.5140 0.7250 0.5685 0.4143 0.4372 0.5887 0.7539 0.2090
0.6802 0.1228 0.3949 0.7865 0.2865 0.1730 0.3970 0.5461 0.7701 0.8347 0.3465 0.3769 0.3439 0.4199 0.4978 0.5285 0.5021 0.3462 0.4865
0.1005 0.8409 0.3226 0.3032 0.4399 0.4973 0.3295 0.2646 0.1017 0.8241 0.8826 0.4370 0.4804 0.3105 0.3120 0.3890 0.1873 0.7694 0.7182
0.5725 0.2960 0.3719 0.2872 0.8515 0.1143 0.6818 0.6911 0.5963 0.4827 0.1591 0.7213 0.1470 0.1966 0.2945 0.3527 0.7602 0.3392 0.5710
0.2920 0.5496 0.6918 0.5113 0.6284 0.8016 0.4833 0.3900 0.5304 0.2065 0.7692 0.8665 0.1429 0.8817 0.5497 0.8421 0.1659 0.2072 0.4000
0.6129 0.8154 0.7573 0.1379 0.8939 0.6237 0.6357 0.1382 0.8721 0.5861 0.2122 0.5557 0.1597 0.1911 0.5737 0.8534 0.8969 0.1349 0.4764
0.7085 0.2259 0.4554 0.1001 0.4007 0.3138 0.4081 0.1172 0.3100 0.3610 0.7062 0.4806 0.1734 0.6551 0.7255 0.4217 0.7269 0.3664 0.4954
0.6920 0.4109 0.4248 0.1204 0.6859 0.6753 0.3970 0.1691 0.4338 0.6442 0.4852 0.5217 0.2251 0.5732 0.2312 0.3103 0.3857 0.8167 0.4807
0.8557 0.3437 0.7181 0.4708 0.3483 0.5604 0.8120 0.7946 0.8020 0.3013 0.2555 0.7242 0.8449 0.5451 0.2397 0.7056 0.2802 0.3416 0.1312
0.8876 0.8377 0.4302 0.4110 0.4276 0.3367 0.7983 0.1669 0.8963 0.7594 0.1457 0.6381 0.3365 0.3344 0.7200 0.8437 0.7864 0.6742 0.7178
0.8213 0.4921 0.6174 0.5479 0.8220 0.5046 0.5549 0.3084 0.4473 0.4315 0.8109 0.6754 0.2693 0.1816 0.8697 0.4904 0.4493 0.2469 0.4775
0.4860 0.4702 0.1936 0.2949 0.3417 0.6561 0.6079 0.7167 0.7287 0.5225 0.5725 0.3507 0.4434 0.6359 0.3506 0.8191 0.4014 0.8111 0.2096
0.2652 0.3475 0.5951 0.3516 0.7586 0.2766 0.8343 0.3189 0.1704 0.2974 0.2754 0.4427 0.2942 0.7040 0.1466 0.3806 0.7154 0.5140 0.2046
0.8961 0.2657 0.3564 0.2064 0.1005 0.7162 0.7248 0.8889 0.5206 0.4080 0.8776 0.1209 0.6207 0.2427 0.8169 0.6875 0.2734 0.4719 0.4360
0.4470 0.4441 0.7894 0.2410 0.4656 0.3177 0.6223 0.1753 0.4677 0.3218 0.7488 0.3102 0.4953 0.7000 0.3547 0.6695 0.7212 0.1658 0.1772
0.1887 0.8037 0.2504 0.6889 0.8148 0.1513 0.4506 0.7559 0.3425 0.8279 0.5291 0.6037 0.3657 0.7136 0.6807 0.3380 0.7412 0.7433 0.4393
0.6731 0.3412 0.3092 0.7178 0.6137 0.4458 0.5826 0.6004 0.1395 0.4257 0.5696 0.3439 0.6711 0.8686 0.1956 0.4850 0.8774 0.8204 0.1254
0.6280 0.1605 0.4701 0.6994 0.2443 0.5008 0.1394 0.1901 0.7155 0.1760 0.1080 0.3329 0.4431 0.3103 0.5302 0.5389 0.8940 0.4954 0.7150
0.7780 0.6787 0.7932 0.1752 0.7676 0.5245 0.8977 0.1026 0.4702 0.7053 0.2609 0.8039 0.4056 0.1605 0.6638 0.2378 0.4676 0.5996 0.5243
0.5584 0.1285 0.7119 0.1433 0.7927 0.2130 0.5887 0.3825 0.1956 0.1861 0.8859 0.3823 0.5196 0.7439 0.1826 0.8098 0.5576 0.1581 0.7708
0.7789 0.1860 0.1515 0.6262 0.4515 0.3045 0.2513 0.5138 0.3452 0.6333 0.7714 0.7982 0.5036 0.4668 0.5073 0.7355 0.8115 0.1937 0.3719
0.6803 0.8517 0.8809 0.4882 0.5739 0.3658 0.6463 0.7014 0.5667 0.7190 0.5697 0.3018 0.4239 0.3421 0.7247 0.8846 0.4631 0.1992 0.4174
0.1954 0.6871 0.4210 0.3187 0.8593 0.4643 0.1829 0.7405 0.8362 0.8748 0.7781 0.7152 0.4824 0.1597 0.2836 0.2655 0.4957 0.8679 0.1102
0.2487 0.2849 0.8937 0.7510 0.3703 0.2823 0.6677 0.2709 0.1163 0.5669 0.3066 0.3226 0.8977 0.2426 0.3074 0.7014 0.8481 0.8179 0.7790
0.6912 0.4437 0.7848 0.1810 0.6603 0.1135 0.1601 0.8949 0.3615 0.3352 0.7042 0.3358 0.7781 0.3186 0.8352 0.5647 0.2576 0.6778 0.4539
0.8957 0.7093 0.4611 0.3984 0.7088 0.2448 0.1722 0.1239 0.5138 0.1532 0.4129 0.4054 0.5326 0.6891 0.5185 0.2037 0.1557 0.2761 0.8950
0.6592 0.6162 0.4559 0.6592 0.1496 0.3248 0.7244 0.4808 0.4138 0.1777 0.5236 0.6227 0.2285 0.5378 0.8531 0.6356 0.2452 0.5693 0.3958
0.7946 0.5680 0.2540 0.5703 0.7093 0.5454 0.1044 0.7334 0.7392 0.7901 0.2413 0.4784 0.2833 0.8292 0.2821 0.3302 0.1788 0.8013 0.4070
0.8816 0.5020 0.8422 0.5792 0.1323 0.6018 0.7085 0.1813 0.2675 0.1707 0.7191 0.6225 0.4393 0.6944 0.4860 0.1421 0.2763 0.2646 0.6116
0.2938 0.2442 0.4942 0.2269 0.4162 0.7428 0.4151 0.7598 0.1460 0.1602 0.6276 0.5308 0.6660 0.1695 0.6228 0.4343 0.8861 0.7999 0.5642
0.2789 0.6026 0.3974 0.4703 0.5012 0.6691 0.2730 0.8877 0.2688 0.5779 0.8411 0.5433 0.7929 0.6755 0.1161 0.7116 0.3414 0.8532 0.1514
0.4968 0.4665 0.2404 0.1278 0.8000 0.7500 0.3864 0.7908 0.2881 0.6089 0.2297 0.8425 0.3287 0.3523 0.2985 0.5344 0.7360 0.1983 0.1231
0.1540 0.6430 0.5644 0.4626 0.5178 0.3022 0.5345 0.6153 0.8159 0.4860 0.1722 0.3083 0.5790 0.8862 0.8023 0.8819 0.1348 0.6590 0.2224
0.1600 0.8917 0.6193 0.1474 0.1198 0.4278 0.3031 0.8170 0.3839 0.1017 0.6322 0.8650 0.3903 0.6261 0.2503 0.7672 0.3300 0.5524 0.5422
0.8701 0.3888 0.5607 0.7887 0.7790 0.1931 0.6883 0.3036 0.6870 0.4323 0.6266 0.2732 0.3051 0.5783 0.4923 0.6963 0.7783 0.7784 0.8851
0.3618 0.7056 0.2610 0.7682 0.7201 0.2191 0.7143 0.2775 0.8713 0.1196 0.1036 0.1198 0.6097 0.5989 0.5185 0.3311 0.4042 0.7235 0.2960
0.3513 0.5369 0.6564 0.7222 0.5227 0.3328 0.2655 0.4783 0.8041 0.6951 0.8558 0.8031 0.3580 0.3273 0.2854 0.8527 0.7732 0.6000 0.6169
0.5736 0.4085 0.8181 0.5296 0.4662 0.1166 0.7289 0.4941 0.6697 0.8352 0.1540 0.5556 0.2986 0.5539 0.2868 0.8597 0.6590 0.4163 0.3090
0.1263 0.5733 0.5259 0.8221 0.1997 0.1000 0.5106 0.6227 0.8567 0.5423 0.3607 0.6352 0.5699 0.7030 0.1648 0.7008 0.8835 0.4444 0.1244
0.6460 0.7001 0.2219 0.6420 0.8450 0.1267 0.5951 0.7869 0.8513 0.8633 0.4507 0.8415 0.8539 0.6549 0.8127 0.7505 0.6523 0.1701 0.3209
0.3427 0.6438 0.3650 0.1143 0.6446 0.3422 0.8668 0.3382 0.6021 0.3671 0.7941 0.3406 0.7694 0.2474 0.7691 0.2552 0.3388 0.2574 0.4291
0.8606 0.2219 0.5319 0.3838 0.2922 0.4257 0.6749 0.5513 0.2146 0.2130 0.8764 0.4832 0.4850 0.2379 0.4962 0.1756 0.8324 0.4341 0.1341
0.4674 0.5614 0.8306 0.5711 0.8413 0.8134 0.6336 0.5587 0.5331 0.6979 0.7107 0.2319 0.6764 0.6883 0.4823 0.7757 0.5793 0.8970 0.4586
0.6400 0.6796 0.4769 0.5892 0.1478 0.2192 0.6553 0.3430 0.6400 0.2937 0.1632 0.5938 0.1867 0.3387 0.8439 0.6432 0.4029 0.1019 0.6714
0.1430 0.2406 0.7876 0.3120 0.5815 0.1747 0.2502 0.1730 0.5558 0.7567 0.8409 0.3155 0.7685 0.6283 0.5356 0.2113 0.3911 0.4015 0.7905
0.1627 0.6421 0.2939 0.6953 0.7029 0.3454 0.2607 0.5780 0.2698 0.3240 0.7807 0.4767 0.7371 0.6262 0.4055 0.4232 0.5458 0.1331 0.5925
0.1808 0.8954 0.4428 0.6595 0.4877 0.1894 0.1153 0.1890 0.2637 0.4125 0.5534 0.5015 0.8883 0.5552 0.8960 0.2439 0.5347 0.1808 0.8550
0.2310 0.6226 0.4454 0.5002 0.3408 0.2821 0.8963 0.4749 0.5228 0.5264 0.8107 0.3334 0.5487 0.8440 0.8202 0.2790 0.5506 0.4530 0.1039
0.7520 0.5461 0.5835 0.2651 0.3540 0.3136 0.3097 0.2712 0.3814 0.3029 0.4013 0.3555 0.8602 0.5216 0.3091 0.3850 0.4255 0.8970 0.3916
0.3725 0.8045 0.6327 0.4082 0.4843 0.4596 0.7672 0.7346 0.5566 0.7211 0.5864 0.4412 0.1272 0.7867 0.6954 0.1726 0.2669 0.3640 0.2993
0.2899 0.4696 0.5079 0.1842 0.8323 0.7854 0.8512 0.1264 0.5048 0.5608 0.4559 0.1155 0.5360 0.2943 0.7458 0.6109 0.1505 0.1805 0.3256
0.5124 0.7849 0.4417 0.3631 0.6110 0.6364 0.5154 0.7737 0.6713 0.4104 0.1997 0.2339 0.1953 0.2667 0.5508 0.3119 0.3809 0.4849 0.8924
0.4602 0.5197 0.4892 0.8782 0.4091 0.5360 0.8062 0.1957 0.2644 0.3929 0.2677 0.8627 0.6070 0.6891 0.1461 0.6382 0.2753 0.4607 0.2691
0.7949 0.3453 0.8789 0.4888 0.4938 0.5757 0.4796 0.8737 0.3157 0.7042 0.1462 0.2156 0.4207 0.3316 0.3266 0.7142 0.2546 0.7538 0.6772
0.8799 0.3055 0.7095 0.5250 0.8189 0.3795 0.2953 0.3340 0.5901 0.1691 0.2481 0.2468 0.3430 0.3713 0.8326 0.6071 0.7755 0.7101 0.5957
0.8988 0.8006 0.5217 0.8297 0.6867 0.3199 0.5303 0.6183 0.6250 0.1214 0.4076 0.1432 0.4518 0.4091 0.2879 0.4038 0.8931 0.6111 0.8138
0.8205 0.4606 0.3050 0.2797 0.2977 0.8611 0.7511 0.5654 0.2314 0.5071 0.4666 0.3940 0.7323 0.5205 0.1411 0.7064 0.1488 0.8074 0.7957
0.1976 0.4658 0.8824 0.2252 0.5805 0.1409 0.6372 0.4974 0.1464 0.3510 0.1853 0.4959 0.6744 0.3589 0.4348 0.4400 0.4111 0.3279 0.5805
0.4209 0.3328 0.4452 0.7391 0.3682 0.3100 0.3675 0.2406 0.5760 0.4252 0.6367 0.7872 0.2094 0.4951 0.4580 0.3479 0.2522 0.2903 0.5818
0.5145 0.5739 0.5945 0.7145 0.3325 0.2089 0.8036 0.3568 0.3136 0.2371 0.5014 0.3388 0.7481 0.6793 0.3497 0.8503 0.2091 0.6165 0.3046
0.1655 0.6393 0.7708 0.3201 0.4291 0.3187 0.2100 0.3719 0.7929 0.3241 0.8474 0.1918 0.5997 0.4790 0.3708 0.4038 0.8176 0.7928 0.4706
0.8363 0.4327 0.1093 0.4894 0.4155 0.1600 0.3463 0.7659 0.7525 0.2441 0.5668 0.6933 0.3879 0.6906 0.2203 0.5938 0.7456 0.7364 0.7571
0.2484 0.7018 0.2048 0.2187 0.2569 0.5012 0.6371 0.7801 0.3404 0.6540 0.4375 0.3412 0.7092 0.3789 0.3592 0.8182 0.8463 0.5846 0.8523
0.7257 0.1953 0.7322 0.6013 0.6798 0.5406 0.1062 0.6811 0.8488 0.2291 0.3705 0.1764 0.8075 0.2141 0.5668 0.7742 0.8750 0.4631 0.2478
0.2083 0.7358 0.4124 0.7140 0.6925 0.8811 0.4431 0.3211 0.2774 0.3577 0.3376 0.6370 0.1985 0.4424 0.8222 0.2440 0.1247 0.4015 0.4931
0.2603 0.1365 0.1490 0.1111 0.7998 0.4667 0.6875 0.1893 0.8015 0.3679 0.3530 0.8377 0.3372 0.3896 0.1251 0.8995 0.7855 0.7412 0.5942
0.6485 0.7046 0.7618 0.8950 0.5111 0.3628 0.1636 0.1757 0.6862 0.6630 0.1658 0.4096 0.1292 0.8320 0.5467 0.6114 0.7661 0.8786 0.6688
0.3706 0.3132 0.3508 0.1644 0.4706 0.3500 0.8910 0.8027 0.5476 0.5505 0.8680 0.8404 0.8857 0.5717 0.1104 0.8774 0.4303 0.2891 0.4557
0.8313 0.6190 0.2505 0.8385 0.1798 0.1442 0.4318 0.7078 0.6047 0.4176 0.1375 0.4578 0.3886 0.7203 0.1140 0.2226 0.8386 0.4800 0.2985
0.5348 0.4937 0.1829 0.5985 0.4394 0.6956 0.1182 0.7203 0.8908 0.3758 0.7978 0.2387 0.4120 0.5074 0.7558 0.7749 0.2675 0.3150 0.7950
0.2362 0.5199 0.1033 0.2239 0.3458 0.5985 0.3263 0.2738 0.4269 0.2388 0.5311 0.4185 0.8918 0.6669 0.7613 0.8613 0.7314 0.3931 0.6150
