9 178 35
2839 8380
8168 4468
3363 8264
8532 5773
8747 3912
4604 4458
9435 6935
5515 4675
4860 5101
4136 2287
7586 1626
7898 9033
6708 2979
3376 8942
7895 536
7453 8144
4310 3671
5497 9969
1251 5313
7457 4896
5149 52
4115 7633
7123 8178
7718 7879
2309 2673
8214 7575
3261 7807
9484 8109
6362 8840
8306 4176
7127 729
4126 9772
3173 1323
9026 3651
7675 3242
7399 2309
7395 287
1211 4892
6270 2399
8360 9547
4492 6478
7030 2424
2415 4521
5915 3865
5879 5884
2013 6966
1064 6447
993 1451
1725 7628
3126 3503
320 1610
381 2198
2354 4764
1313 2108
8068 2387
7214 5757
5058 7649
3938 9021
7692 8296
603 3380
8712 4528
5361 1004
4018 3654
1393 5613
235 6747
9600 4491
2595 9075
5286 7126
2105 5757
853 9409
4146 342
9870 382
2884 1804
4211 9624
3957 5536
1600 7865
6211 8910
2123 6157
5874 5355
1043 293
433 9285
6586 8774
7889 979
4698 538
9641 1145
3798 7138
8527 8098
104 6896
6166 4689
8513 6619
1879 352
6072 8454
6973 4694
6398 4108
8439 9209
1425 9206
984 8674
8481 8324
2450 6890
1684 1396
9839 5863
6637 144
5578 1460
8052 3279
8392 3339
1913 2317
4202 3616
8187 3168
7659 9336
1589 8014
3709 6992
963 2290
2487 6505
2968 866
6771 6746
365 1011
1921 5894
4621 5558
8194 4567
4468 6695
543 8128
7204 6611
9074 1470
4141 3899
4814 1486
4556 8740
9564 41
8934 2754
1580 5726
3939 3115
1508 1300
7517 8514
8150 7094
5249 4344
1570 3279
3151 997
6542 6280
3029 6768
8297 3190
2614 3810
9364 8403
3795 537
6414 2517
7337 8651
5166 4856
5109 9573
6973 5005
94 2232
2079 6325
4278 7031
238 9561
3902 9368
5379 1373
2849 3281
607 1056
7176 1925
2714 3986
4808 4703
620 4170
4258 4246
1434 435
8475 584
7943 7390
1742 6794
9309 4952
8518 2110
501 7970
9474 6473
5958 4410
6826 5811
4038 6931
5424 8809
970 5173
128 8852
8271 8599
772 2396
816 6485
3627 1311
485 6993
8868 551
9820 2327
6876 2829
9245 8154
6759 4075
4678 7765
7690 5688
1490 824
0.6822 0.1605 0.6413 0.5498 0.8519 0.2364 0.6677 0.5205 0.2053
0.5916 0.4320 0.5847 0.8010 0.7979 0.1715 0.7692 0.2591 0.4260
0.1569 0.7937 0.7201 0.2834 0.5528 0.8601 0.8255 0.6699 0.5715
0.7149 0.1717 0.1294 0.4735 0.1623 0.2073 0.6204 0.7797 0.2168
0.2155 0.6017 0.5319 0.6901 0.5404 0.6289 0.4756 0.8998 0.5872
0.6618 0.4977 0.1341 0.2642 0.6459 0.7031 0.1174 0.6796 0.8019
0.8092 0.8321 0.8228 0.2119 0.5054 0.5219 0.1112 0.4461 0.5859
0.7979 0.8973 0.3756 0.5596 0.6393 0.2075 0.8230 0.7656 0.2016
0.2932 0.2758 0.2341 0.3629 0.5557 0.8626 0.6915 0.5141 0.1339
0.5426 0.8003 0.8849 0.5454 0.5847 0.6220 0.5091 0.8963 0.1506
0.5531 0.7972 0.2170 0.6015 0.5390 0.2182 0.4966 0.5363 0.3421
0.8784 0.4689 0.1275 0.1915 0.5396 0.3555 0.1643 0.4758 0.8762
0.5964 0.6502 0.7038 0.6509 0.7937 0.2817 0.5150 0.3247 0.1312
0.3967 0.4626 0.3298 0.5826 0.1235 0.4779 0.1513 0.6978 0.4735
0.5216 0.8826 0.2929 0.6337 0.3327 0.6725 0.3980 0.1100 0.7580
0.3605 0.6475 0.7347 0.3080 0.3263 0.2651 0.4850 0.2345 0.5291
0.5438 0.6633 0.4665 0.1935 0.6540 0.1135 0.1456 0.2158 0.2176
0.2278 0.3843 0.3166 0.7073 0.1809 0.7273 0.8596 0.6827 0.1494
0.5722 0.4546 0.8327 0.8912 0.7261 0.6831 0.2329 0.1671 0.7636
0.6221 0.5405 0.2527 0.5454 0.3372 0.6425 0.6179 0.2159 0.2949
0.2712 0.6411 0.2457 0.4893 0.4240 0.6876 0.4242 0.8522 0.4020
0.6166 0.5399 0.5880 0.5288 0.2781 0.1059 0.4576 0.2809 0.4115
0.7589 0.7615 0.8469 0.5584 0.8722 0.7542 0.5846 0.1380 0.1517
0.1705 0.2298 0.1129 0.8921 0.5689 0.4301 0.4918 0.6344 0.7195
0.1660 0.8774 0.7751 0.7763 0.1565 0.1431 0.5922 0.3866 0.7149
0.2319 0.8723 0.5561 0.1720 0.3079 0.1017 0.1489 0.6223 0.8416
0.8421 0.3072 0.4699 0.2611 0.4931 0.3415 0.5141 0.6677 0.4314
0.6757 0.5482 0.2453 0.2555 0.4799 0.8031 0.6558 0.2254 0.7204
0.1679 0.7300 0.4302 0.7480 0.1257 0.2307 0.5384 0.8717 0.7281
0.3851 0.1013 0.6560 0.7142 0.8175 0.3679 0.2367 0.2427 0.8320
0.5727 0.3635 0.3959 0.7962 0.3376 0.1197 0.4640 0.4839 0.2578
0.7184 0.2516 0.1000 0.7165 0.2363 0.6658 0.8060 0.8203 0.6969
0.6945 0.6945 0.1745 0.3492 0.3052 0.4173 0.2425 0.7821 0.2051
0.4774 0.1892 0.2232 0.2377 0.5084 0.2404 0.1246 0.7093 0.7865
0.5700 0.4146 0.2225 0.6177 0.4246 0.3316 0.1240 0.5914 0.8204
